#{"t_start": 1774360642.81926, "env_id": "continuous-highway-v0"}
r,l,t
5.929649,14,6.945694
5.52772,13,7.269724
5.092936,13,7.616191
5.892089,14,7.996562
6.142497,15,8.408602
1.177461,14,8.782338
7.521906,17,9.244433
5.782902,14,9.605718
1.627045,15,10.030167
7.863615,17,10.487852
5.318739,13,10.82656
5.387581,13,11.176543
4.435677,12,11.492804
6.310597,15,11.890156
5.387666,14,12.251207
6.349453,14,12.626659
5.045346,13,12.962431
1.251047,15,13.369641
0.999764,15,13.765137
4.852521,13,14.113505
5.705375,14,14.484884
5.249942,14,14.858176
4.70264,13,15.193323
6.431804,15,15.586464
5.942265,14,15.945111
5.029624,13,16.285913
2.145436,16,16.704645
4.128324,12,17.004323
0.273319,14,17.381752
6.556668,16,17.799647
4.757653,13,18.148101
0.7364,14,18.520553
6.491739,15,18.914711
6.101425,16,19.344309
6.874973,16,19.762602
5.084285,13,20.085415
5.57983,14,20.446352
6.361971,14,20.818617
4.075892,12,21.132626
5.960195,14,21.491717
4.765119,13,21.828102
2.336842,17,22.27035
5.138666,14,22.632312
6.553793,15,23.026981
5.887979,15,23.422962
7.863361,17,23.86331
5.315464,13,24.19801
5.711744,14,24.569697
1.54892,15,24.966416
5.051379,14,25.338281
2.586441,17,25.780867
4.142643,12,26.109284
6.224748,14,26.469192
1.300097,16,26.899914
6.690585,16,27.317952
5.739432,14,27.676493
6.728376,15,28.058266
5.166822,13,28.395524
6.173032,14,28.767944
4.103108,12,29.083843
6.021467,15,29.479139
6.745099,16,29.895235
5.389995,14,30.266309
7.679313,17,30.71883
6.443428,15,31.111082
6.560888,15,31.506087
7.081376,17,31.95877
6.004511,14,32.332125
4.526539,12,32.645828
0.347521,13,32.995591
5.911963,15,33.390108
4.072475,12,33.704101
5.191239,13,34.055755
4.770458,12,34.369016
4.872941,13,34.718782
1.038902,15,35.114486
4.413334,13,35.450153
6.254937,16,35.855347
5.540315,14,36.227134
0.655944,14,36.586125
6.149232,15,36.969447
5.154762,13,37.307674
5.295514,13,37.644409
1.47287,15,38.029704
7.38281,16,38.464999
6.492689,15,38.864028
6.743474,16,39.285024
5.283833,13,39.636254
6.991654,16,40.056742
7.127961,17,40.512243
5.982208,15,40.907945
0.089279,13,41.25895
4.996407,14,41.632208
4.577896,12,41.961128
5.903571,14,42.322343
1.015081,15,42.720587
6.24811,15,43.117966
6.736281,15,43.514626
5.592895,14,43.889252
2.157053,15,44.273403
4.884416,14,44.647499
5.173936,13,44.985665
6.277327,14,45.348943
5.396299,13,45.682899
5.676079,14,46.058677
6.161302,15,46.442845
1.223993,14,46.803106
6.372466,16,47.234344
1.720815,16,47.651216
4.810432,13,47.961465
5.75433,14,48.321091
5.336414,13,48.660131
4.795064,13,48.999427
5.858571,14,49.345368
4.361679,12,49.644608
5.735418,14,50.018041
5.458721,13,50.367709
5.275469,14,50.754457
6.876146,15,51.136814
5.077601,13,51.461218
5.493855,13,51.799803
6.398158,14,52.172807
4.785739,13,52.509616
5.540096,15,52.904485
4.828577,13,53.239939
5.982061,14,53.613195
5.286014,13,53.951222
0.450874,14,54.324931
4.457811,12,54.638309
6.976455,17,55.092644
5.019973,13,55.429489
5.879517,14,55.78881
4.153821,12,56.089475
1.04547,14,56.449734
6.137795,14,56.822932
0.329292,13,57.161034
6.235128,14,57.522541
6.208864,15,57.908012
6.900805,15,58.294036
1.349437,15,58.692286
6.55102,15,59.088393
5.535829,14,59.462426
1.302202,15,59.873974
5.666547,14,60.247329
4.124356,12,62.28138
5.737843,14,62.641497
5.090549,13,62.97876
5.029776,14,63.352338
6.235804,15,63.749287
4.842027,13,64.099515
4.918932,14,64.473657
4.812251,12,64.788388
-0.605053,12,65.103673
1.74302,16,65.523242
4.886215,13,65.872587
3.785507,11,66.149453
4.973627,13,66.486145
0.96724,14,66.856718
5.763043,14,67.202193
2.901482,19,67.675322
-0.294528,13,68.023547
0.217046,13,68.3591
6.015181,14,68.73058
2.07319,17,69.171027
7.046104,16,69.576051
2.532492,17,70.004136
1.965606,17,70.457594
1.343317,15,70.840064
1.045518,15,71.222186
6.014258,14,71.567631
0.768514,14,71.941162
6.257703,16,72.374706
5.864793,15,72.770929
6.642501,15,73.152547
1.698813,16,73.572071
4.967512,13,73.894922
5.274681,14,74.254953
5.515864,14,74.629525
6.566936,16,75.048923
6.218743,16,75.467217
6.264534,15,75.876499
5.439384,15,76.260061
6.026589,15,76.643913
5.889512,14,77.004384
4.988015,14,77.37764
0.546784,13,77.727907
5.206153,15,78.136244
1.454867,14,78.510618
5.796767,15,78.894818
5.761483,15,79.305452
5.758066,14,79.666358
4.804479,14,80.038888
7.128096,16,80.458654
4.836858,12,80.786904
6.800644,16,81.192524
6.685429,15,81.576087
5.608148,14,81.935149
1.829194,16,82.35444
6.043196,14,82.713243
6.391059,15,83.109936
3.964914,12,83.424593
5.930208,14,83.784759
5.90312,14,84.144372
0.88706,14,84.515704
6.089266,15,84.895633
4.177143,12,85.207342
5.856712,15,85.599678
6.426938,14,85.970307
5.124262,14,86.34047
6.10351,16,86.756463
4.88451,13,87.104744
5.787528,14,87.461674
5.161654,13,87.810474
5.206939,13,88.159151
1.864947,17,88.599798
4.904297,13,88.935728
4.994851,14,89.308126
5.870174,14,89.67996
4.915289,12,90.007043
6.655076,16,90.425132
5.48302,13,90.776035
1.489816,15,91.172595
3.939022,12,91.487391
6.191422,16,91.919831
6.34156,15,92.315641
7.226974,18,92.794669
5.176527,14,93.142725
5.403812,14,93.488873
5.126275,13,93.839121
6.799896,16,94.244773
1.155839,15,94.629371
4.28317,12,94.943026
5.174577,13,95.279411
4.647711,12,95.606312
5.671667,14,95.98207
5.497807,14,96.355811
7.349293,17,96.799426
2.407506,17,97.240548
1.185921,15,97.63768
5.541641,13,97.988179
5.872781,14,98.348337
5.93453,14,98.707229
5.959722,14,99.067362
6.555253,16,99.499528
6.323477,15,99.896031
6.38053,15,100.291757
5.33738,13,100.616456
5.196885,13,100.966773
0.134102,13,101.30479
5.589252,14,101.665471
5.559961,13,102.003277
5.351625,14,102.374813
4.963609,14,102.746123
4.406245,13,103.081231
6.372911,14,103.450837
5.934037,15,103.845543
6.756736,15,104.239063
5.464024,13,104.587831
4.963173,13,104.936243
4.526256,13,105.284534
5.161794,13,105.606492
4.370722,13,105.954513
5.637209,13,106.303169
4.793361,14,106.676157
1.692072,15,107.060293
1.123101,14,107.420638
4.68185,13,107.756483
6.185453,15,108.151508
6.242489,15,108.55887
2.169334,16,108.976247
5.758479,15,109.358204
5.867587,14,109.717571
6.24479,14,110.089175
5.721044,14,110.449187
5.622639,15,110.84508
2.843845,18,111.322429
6.43262,15,111.717629
6.218127,15,112.11238
5.016236,13,112.449109
5.034017,13,112.786384
5.399456,13,113.135886
6.853228,17,113.577118
6.160402,14,113.949919
4.477003,13,114.299104
4.783106,13,114.63657
4.879986,13,114.986137
6.10595,14,115.359669
5.287381,13,115.720494
4.593152,12,117.624891
5.554993,13,117.961946
5.138801,14,118.334021
1.012648,15,118.72991
5.262443,13,119.066673
4.875308,14,119.413259
6.100335,15,119.796805
7.17381,17,120.253105
0.518606,15,120.649532
7.31775,17,121.09119
7.419119,17,121.533026
5.393387,14,121.905385
5.987714,14,122.27691
5.780533,16,122.679999
0.560403,14,123.051169
6.897842,16,123.466131
5.683428,14,123.838015
1.400769,17,124.251743
5.165284,14,124.609761
6.158847,15,124.990321
5.181731,13,125.326087
4.253826,12,125.639311
4.86597,13,125.988821
4.367654,12,126.315189
4.814676,13,126.663954
6.193927,15,127.057522
5.073937,13,127.392538
5.464788,14,127.751497
5.637533,15,128.146873
1.916391,17,128.575996
6.162714,14,128.948709
6.150647,15,129.343381
5.416472,15,129.738921
0.605936,14,130.099423
6.159931,15,130.495493
6.149446,16,130.915157
4.762249,13,131.266311
5.479198,15,131.649059
4.810099,13,131.986756
5.821369,15,132.383119
4.711358,12,132.711462
5.636299,14,133.070902
1.716606,17,133.525705
6.724217,16,133.945998
4.757737,13,134.296603
0.580483,14,134.670201
6.519327,16,135.077746
6.25094,15,135.475086
1.43945,16,135.881301
6.193159,15,136.278009
7.776405,20,136.80323
5.969599,15,137.201416
6.817302,16,137.620781
4.69257,13,137.970624
6.201021,16,138.390435
6.16941,16,138.812343
4.658704,13,139.162421
6.108518,16,139.582311
6.885551,15,139.978957
0.555038,14,140.352065
4.122453,12,140.66393
6.651831,16,141.067464
4.741109,13,141.401423
5.886705,14,141.771293
6.919479,17,142.211828
2.159166,17,142.638229
5.144785,13,142.973813
5.413077,15,143.368346
5.847974,15,143.749755
5.358424,14,144.108291
6.409845,15,144.502464
2.300169,16,144.922396
5.413588,15,145.319354
6.155218,15,145.701526
6.629677,16,146.107242
4.884216,13,146.430772
6.007491,15,146.813623
5.359712,14,147.173152
5.882734,15,147.555684
5.541824,14,147.916778
6.245285,15,148.31229
4.93729,13,148.649759
6.396643,15,149.046926
7.673744,17,149.501732
4.696376,13,149.82599
1.802454,16,150.245265
5.923285,14,150.591151
4.743659,13,150.927271
4.503144,13,151.277667
5.82407,15,151.673287
0.966553,14,152.046587
6.234117,15,152.443438
6.25975,16,152.862753
3.59238,11,153.167102
4.878502,13,153.517608
6.085181,14,153.890866
6.123212,15,154.287427
5.284479,13,154.624622
5.517438,14,154.997154
5.694074,15,155.393378
5.322269,14,155.768324
5.510992,14,156.141391
4.358237,12,156.455765
1.305456,15,156.852923
5.584863,14,157.214172
4.212305,13,157.550486
6.099077,15,157.946742
5.542053,14,158.306421
4.585817,12,158.621145
4.925641,13,158.968828
5.667725,13,159.303874
5.536598,15,159.697456
4.606915,12,160.01048
5.61648,14,160.368221
5.565177,14,160.725667
6.987147,16,161.140828
6.905894,16,161.558173
1.184211,15,161.940874
5.284419,14,162.312049
1.15612,17,162.751826
5.468423,14,163.123364
4.96396,13,163.472848
6.911351,17,163.899902
5.159061,13,164.235913
6.242833,15,164.631162
5.404613,14,165.004155
1.762465,15,165.411623
4.861445,13,165.761484
4.754012,14,166.121844
5.362425,14,166.493938
5.693758,14,166.853854
5.073656,13,167.204057
2.328317,16,167.622188
5.902455,15,168.016578
2.451831,18,168.482595
5.0894,13,168.833588
2.313368,16,169.254159
5.704923,14,169.613673
7.052481,16,170.044251
6.385829,17,170.496479
4.32145,12,170.81112
5.514867,14,172.766175
5.953596,15,173.163531
6.634926,15,173.559247
6.780758,16,173.978887
5.022074,14,174.351167
3.454224,19,174.838644
5.602965,13,175.177009
5.215585,14,175.549979
2.665549,18,176.014611
5.849271,14,176.3737
5.821778,15,176.769904
7.656346,17,177.211947
6.001508,15,177.607991
5.222658,13,177.944962
5.765051,15,178.341162
6.543003,18,178.805943
3.671589,12,179.105983
6.055847,17,179.545377
5.736826,16,179.963643
6.656555,17,180.40517
6.190243,15,180.812274
5.765377,15,181.20658
5.143011,14,181.579479
6.186456,15,181.961488
5.379637,15,182.329261
5.16759,14,182.687789
5.371494,15,183.081199
6.271577,15,183.476817
4.631702,13,183.813128
1.24331,15,184.182425
2.292535,17,184.623514
5.023476,13,184.959868
5.013282,14,185.331746
5.035174,14,185.690018
5.855616,14,186.062427
6.621809,16,186.48136
7.394026,18,186.945032
7.184128,17,187.400064
5.812746,15,187.783013
5.82259,15,188.166634
7.352512,17,188.60924
5.093633,14,188.968811
4.839764,13,189.319019
5.794315,15,189.701033
6.194907,17,190.145731
5.257703,13,190.48261
1.959508,17,190.937665
1.63653,15,191.322089
1.46788,15,191.717813
4.366989,13,192.053947
6.01209,16,192.46055
5.255147,14,192.83435
5.478267,14,193.207999
6.035985,15,193.60596
6.7099,16,194.012414
2.033646,17,194.455618
3.980949,12,194.783447
7.901093,18,195.24801
6.82909,17,195.691096
4.519167,13,196.029444
6.261788,15,196.425481
6.355506,16,196.833588
5.809514,15,197.216131
5.738595,15,197.600122
7.436186,18,198.076111
5.425806,15,198.469769
6.833805,16,198.886875
1.614309,16,199.291043
4.853661,13,199.639367
6.802522,18,200.102156
5.505066,14,200.473574
5.349935,14,200.83158
5.647847,15,201.226727
5.386669,14,201.598309
6.525367,16,202.015831
6.573702,15,202.397388
5.241394,14,202.757213
5.168053,14,203.116043
6.654226,15,203.511121
4.974607,14,203.869958
5.00363,12,204.183142
6.735355,16,204.575405
6.05791,16,204.993703
5.431624,15,205.37548
5.151083,14,205.72256
1.697036,16,206.12961
6.403979,16,206.561849
5.638159,14,206.909101
6.053226,15,207.291121
5.252194,14,207.651726
4.388825,13,207.974321
4.310031,12,208.289541
5.424855,14,208.663141
1.832152,16,209.06903
1.665078,16,209.488672
3.679633,12,209.803349
5.201021,13,210.141565
4.458282,13,210.492066
6.671611,17,210.935647
7.18245,17,211.391174
5.83481,16,211.810674
5.559591,14,212.171601
6.087357,14,212.531848
6.72636,17,212.975301
7.147403,16,213.393341
5.731685,15,213.788729
5.418339,14,214.149398
2.338168,16,214.569055
1.804583,15,214.964594
4.942158,14,215.336998
4.600058,13,215.673585
4.821006,13,216.010196
6.568756,17,216.451692
4.301127,13,216.786727
5.53197,14,217.130921
5.180366,14,217.476368
6.031475,16,217.893219
6.069907,15,218.289679
5.357839,15,218.672262
5.485043,14,219.030484
5.991232,15,219.426056
1.569545,17,219.867174
7.285651,17,220.322241
5.575033,15,220.717555
4.137997,12,221.043764
4.167358,12,221.357497
6.05291,15,221.751737
2.758872,18,222.229826
6.589535,17,222.670117
5.008672,13,223.018819
1.1563,16,223.437143
1.209477,15,223.807055
5.677667,15,224.196518
4.859927,13,224.558816
5.93261,15,224.956515
6.071451,15,225.338441
7.595331,18,227.403829
5.962795,16,227.822754
5.90174,15,228.219591
2.221038,16,228.638657
5.521165,14,229.011446
4.51132,13,229.362488
-0.226847,13,229.699962
4.954968,14,230.058714
6.647814,17,230.501541
6.238394,16,230.907311
5.586644,16,231.340109
7.293211,18,231.805701
2.383267,19,232.29498
6.722752,17,232.735869
5.849801,15,233.119015
6.378296,17,233.562024
6.829571,16,233.980194
2.415624,17,234.408774
5.918189,14,234.769572
4.783973,13,235.107962
5.067857,14,235.480909
3.838549,12,235.807956
5.76778,15,236.176114
4.126182,12,236.5037
5.943608,16,236.909146
0.691059,15,237.302747
0.943886,15,237.696714
5.910293,15,238.076609
5.744266,16,238.493557
5.595045,14,238.838209
4.091026,13,239.174334
5.572916,15,239.570312
6.17453,15,239.964754
5.724311,15,240.358228
6.192452,15,240.751824
5.040548,13,241.10112
6.030554,16,241.519033
5.586178,14,241.878628
0.345583,14,242.252453
5.309992,14,242.623907
6.263303,16,243.027371
4.854672,13,243.377375
7.62866,17,243.819952
6.167855,17,244.260838
6.594321,16,244.679719
5.165845,14,245.038953
7.255229,18,245.490798
5.39797,14,245.850874
4.723532,13,246.200852
5.914324,14,246.573404
4.753134,13,246.909987
6.771432,16,247.329911
4.602706,14,247.704756
5.125839,13,248.041817
5.32468,14,248.415076
7.262063,17,248.857451
1.793411,16,249.277738
6.377748,17,249.721544
6.955978,17,250.17916
4.422621,13,250.517648
5.439488,14,250.878662
5.623356,14,251.238881
6.412891,15,251.621534
4.919655,14,251.982208
0.608341,15,252.352892
5.802917,14,252.726794
4.889389,14,253.099797
5.896323,16,253.519383
6.029767,16,253.93762
5.605688,15,254.332909
4.695023,13,254.68307
5.25601,15,255.079867
6.214819,15,255.474698
6.379926,16,255.87881
5.916194,16,256.295955
2.272595,17,256.749563
6.978788,17,257.190064
5.069925,15,257.570104
6.188931,16,257.986546
6.682787,17,258.430104
2.197027,17,258.871903
6.994739,17,259.324273
1.490545,16,259.744132
6.5494,17,260.185637
5.289338,13,260.536117
6.045013,15,260.930565
6.445655,17,261.37246
2.472953,18,261.825529
5.096461,14,262.184994
4.396095,14,262.556845
7.168556,19,263.057936
6.316428,15,263.456724
2.117459,18,263.89461
4.872128,14,264.267443
6.276552,16,264.686951
5.969426,16,265.106262
0.484709,15,265.489366
0.812899,14,265.862797
5.232474,14,266.23608
6.762332,16,266.656715
6.879453,16,267.077539
4.3185,13,267.428278
4.675046,13,267.765817
1.757313,16,268.18584
6.722488,18,268.665212
4.815351,13,269.001926
4.465769,14,269.361796
6.697049,16,269.78214
6.334713,16,270.200988
4.914028,13,270.539759
2.168382,17,270.982655
5.43139,14,271.343258
7.210713,16,271.760809
7.758286,19,272.263502
5.351176,15,272.646916
6.330373,15,273.043121
4.42813,12,273.343513
4.062897,13,273.681275
6.166409,15,274.076308
6.594937,16,274.495313
6.450674,15,274.877287
5.787275,14,275.250281
5.85302,14,275.622783
4.849732,13,275.970679
8.655375,24,276.581474
6.466626,18,277.044331
7.295018,18,277.507715
7.010944,16,277.912685
1.617999,16,278.317351
5.974164,17,278.768828
6.094597,16,279.196776
6.658753,16,279.614975
0.618025,15,279.997432
5.930279,16,280.415712
5.5852,15,282.312996
4.588627,13,282.648413
5.72635,15,283.030014
0.766625,15,283.42601
4.838229,14,283.798804
5.318038,15,284.195601
6.743695,17,284.636333
5.840338,15,285.0323
7.030682,17,285.460615
6.312788,17,285.902344
6.53187,17,286.345273
7.365512,19,286.832641
6.107934,16,287.251833
6.435007,16,287.670508
6.506261,16,288.090532
6.184251,15,288.486867
6.411451,16,288.90622
6.681582,17,289.33716
7.092889,18,289.816226
1.313402,15,290.213214
5.149019,14,290.587795
5.378703,14,290.948782
5.298909,14,291.308027
6.937106,19,291.795283
5.199264,14,292.14215
6.30403,17,292.584989
6.472904,17,293.029196
4.579887,14,293.401798
6.108136,16,293.819746
5.762647,15,294.216673
2.043224,17,294.646415
5.317586,14,295.0061
4.831006,13,295.340965
5.675412,14,295.699883
7.294444,21,296.219854
7.231116,21,296.75085
7.127113,19,297.261401
6.101836,16,297.679128
6.349666,16,298.097458
5.418902,15,298.491007
6.288731,15,298.884797
5.943862,16,299.289851
6.687872,16,299.707712
6.405203,16,300.112385
5.358731,14,300.485745
5.679555,16,300.890872
4.892527,15,301.284914
4.680431,13,301.606838
7.117505,17,302.061308
5.928572,15,302.45576
6.101264,16,302.861124
5.380866,14,303.221669
7.073733,17,303.650638
5.941515,16,304.057397
5.356631,14,304.418031
5.781109,15,304.814106
6.180843,16,305.232873
6.239837,15,305.616732
5.578855,14,305.99
6.261661,16,306.40896
1.463238,16,306.815728
5.825555,15,307.199795
6.606054,17,307.64092
4.8453,14,307.999907
6.48968,16,308.406696
6.561059,18,308.899611
6.441152,16,309.305777
3.479929,11,309.571022
3.820508,12,309.887767
4.728795,14,310.263819
0.876368,15,310.660913
5.945606,17,311.092693
5.197456,13,311.429517
6.402069,17,311.871809
5.486468,16,312.27711
4.611782,14,312.65244
5.28605,14,313.014454
6.828856,17,313.457142
2.164303,18,313.922757
5.267282,16,314.343552
4.680539,13,314.692971
6.684914,18,315.157243
5.985772,17,315.60034
5.486014,15,315.996565
6.928868,16,316.400563
5.827972,15,316.79694
1.921449,18,317.247471
4.936062,15,317.61748
5.863936,16,318.022072
5.422414,15,318.405841
6.019581,16,318.835873
5.129867,14,319.193763
6.450264,16,319.612235
4.920788,13,319.937497
6.529697,17,320.364852
4.320389,13,320.700492
6.727748,16,321.117789
7.092343,17,321.55912
5.557459,14,321.931087
5.893336,16,322.3355
6.240274,16,322.753927
7.016049,18,323.217171
5.052046,14,323.575823
6.306364,15,323.971004
6.67444,16,324.390508
4.657214,13,324.716459
5.521526,14,325.09015
5.323797,14,325.450583
7.542729,18,325.902293
5.428058,14,326.261847
6.392285,16,326.666742
6.017811,15,327.061894
2.585738,19,327.576333
2.6123,19,328.063562
6.857701,17,328.505406
5.390537,15,328.901405
6.408357,16,329.320008
5.733252,16,329.73822
5.900608,17,330.179447
5.736504,17,330.622274
6.069581,15,331.005481
4.529909,14,331.365964
5.850955,16,331.771886
6.682436,17,332.213828
5.591152,15,332.605509
5.40065,14,332.991523
5.715556,15,333.374916
5.00602,14,333.736027
6.303315,16,334.1539
1.87963,15,334.550683
5.795889,16,334.956356
6.843235,18,336.966468
7.104593,18,337.430593
5.695167,15,337.812395
6.800996,19,338.296373
6.266818,17,338.735553
5.610424,15,339.130383
7.62698,20,339.651906
4.886713,14,340.022741
6.569339,17,340.462853
4.950482,14,340.821111
5.375232,14,341.181918
5.879987,16,341.600489
5.991715,16,342.02154
5.003538,14,342.382218
6.763191,17,342.823763
6.664581,16,343.241864
5.252628,14,343.615808
7.97639,20,344.127617
4.725622,14,344.500963
5.71126,16,344.920993
5.992602,15,345.303878
5.317108,15,345.675165
4.3401,13,346.011887
5.643802,16,346.431402
4.383435,14,346.792454
6.802256,16,347.213429
5.643045,16,347.632266
5.786546,15,348.016419
5.657485,15,348.413564
6.4843,17,348.855232
1.362328,15,349.252644
6.556996,17,349.694155
2.451383,18,350.147129
6.339677,16,350.569179
6.442412,16,350.989301
6.833944,19,351.477465
4.829252,13,351.828158
6.038253,15,352.198328
6.398526,16,352.619119
5.774203,15,353.001982
6.885306,18,353.480376
5.346832,14,353.84252
7.97398,20,354.368351
5.41785,15,354.75159
6.755623,18,355.215252
6.395416,17,355.656655
7.246552,19,356.144563
6.052513,16,356.549601
5.297159,14,356.922718
5.285688,16,357.340942
4.875667,14,357.714159
6.142,16,358.11746
5.896526,17,358.545031
4.136506,13,358.882625
4.563155,14,359.255331
7.937215,20,359.764512
6.593688,17,360.191952
5.903585,15,360.574298
5.872494,15,360.970782
6.486195,17,361.383748
5.215859,14,361.74318
6.355906,16,362.160524
6.044222,17,362.601633
6.122301,15,362.999673
5.584593,15,363.39562
5.717851,17,363.837721
6.561977,16,364.24494
5.660295,16,364.653392
5.982114,16,365.071954
4.963051,13,365.41066
4.468844,13,365.748656
6.27834,18,366.213771
5.072818,14,366.574753
1.568804,18,367.042175
5.238449,16,367.462649
5.719945,16,367.868233
5.57538,15,368.251543
5.769369,15,368.635693
6.341312,17,369.078659
5.608412,16,369.486246
6.939282,18,369.965812
7.472972,18,370.432238
6.86874,18,370.900457
7.053704,18,371.352364
4.968202,14,371.712838
5.432537,15,372.096891
7.098039,17,372.526193
6.520528,16,372.931972
4.394716,12,373.24802
5.796293,14,373.623584
5.585108,14,373.984899
6.098497,16,374.390924
5.016864,14,374.765333
7.487639,18,375.231193
5.849296,17,375.660617
2.088112,17,376.101969
5.643276,16,376.507774
5.243114,14,376.869286
4.815499,14,377.243338
6.285406,16,377.661401
7.15674,18,378.110027
5.286739,14,378.468615
5.935403,15,378.851285
7.149135,19,379.349642
5.968048,17,379.776271
6.459848,18,380.225764
1.543945,18,380.692833
5.376241,15,381.088195
5.519353,15,381.482298
5.406972,15,381.87755
1.203555,15,382.261662
4.835212,14,382.620584
4.61107,14,382.980581
6.818887,18,383.432874
5.751398,15,383.816256
6.162636,17,384.257276
6.025291,17,384.698897
5.388615,14,385.072211
5.845188,16,385.490573
6.47471,17,385.933178
6.616122,17,386.376806
6.747228,19,386.867165
6.686486,17,387.314993
5.851991,16,387.733724
6.075596,16,388.153904
5.587076,16,388.55946
6.203082,16,388.992866
6.723219,18,389.457086
5.205293,14,389.817314
4.561137,14,391.743023
6.981845,19,392.233754
1.620295,16,392.65451
7.726589,20,393.164135
6.580072,17,393.593833
5.798537,15,393.990284
6.251355,17,394.432884
-25.391389,151,398.237092
6.682113,18,398.691807
-0.39075,13,399.030796
7.046136,21,399.563701
0.565693,14,399.92384
6.123462,17,400.364438
5.440382,16,400.782239
4.446391,14,401.142264
7.333948,18,401.607869
7.161482,18,402.083955
6.169566,16,402.488942
5.810144,16,402.90651
7.782216,19,403.380989
6.01013,16,403.786308
5.598027,17,404.229007
5.864727,16,404.637027
7.062025,18,405.102135
8.332369,23,405.680015
6.594309,18,406.146302
1.718349,19,406.647693
5.303832,16,407.052122
7.615566,20,407.562155
6.760387,18,408.027963
4.841524,14,408.388056
6.415106,16,408.793988
5.228519,14,409.141274
6.081307,16,409.5352
6.031997,16,409.941443
5.496207,17,410.382993
5.324617,15,410.767196
5.90175,16,411.1743
3.977682,13,411.51172
0.974413,15,411.909514
5.964058,17,412.35254
5.786245,16,412.760439
6.759447,21,413.296209
6.336576,16,413.717096
2.856903,19,414.208316
5.99789,16,414.615548
2.34711,19,415.118191
6.821339,17,415.561185
6.056829,16,415.982351
1.730238,16,416.391548
6.254462,17,416.834297
5.503148,15,417.218796
5.002104,15,417.60202
6.060983,16,418.010878
6.003007,15,418.393286
5.793411,15,418.77665
4.68894,14,419.152995
5.856712,16,419.560418
5.194104,15,419.931319
7.70372,20,420.453591
5.160651,15,420.847588
9.173506,30,421.610728
5.714414,16,422.015391
6.553124,19,422.50051
5.852483,16,422.905514
6.086214,15,423.301362
4.454359,14,423.673874
6.805021,17,424.114762
7.253732,18,424.566947
5.515411,15,424.950676
4.813496,14,425.311423
6.012372,17,425.751668
5.56826,16,426.17
1.170705,16,426.590258
6.46107,17,427.020018
6.363567,18,427.483834
7.602429,19,427.983812
5.103503,14,428.359028
5.382397,16,428.765972
6.331744,17,429.195082
3.523903,23,429.790426
5.868655,16,430.210953
5.038251,14,430.571901
5.067311,15,430.955102
6.855545,18,431.41997
1.196872,17,431.863277
6.493031,16,432.269418
6.002145,15,432.665585
6.90713,19,433.154317
6.124464,17,433.585227
4.39228,13,433.924001
6.818746,19,434.413583
6.150948,16,434.820439
4.585449,14,435.182754
7.895144,20,435.708326
6.232594,15,436.105213
5.660601,16,436.525118
5.874076,17,436.969383
6.820738,18,437.438008
2.233469,19,437.929235
2.965604,19,438.420569
8.839793,22,439.00577
6.7922,20,439.516813
5.007626,14,439.878982
0.737957,16,440.296507
0.734229,15,440.691688
6.545855,16,441.095328
6.262186,18,441.559413
6.860321,17,441.99953
2.29175,19,442.501137
7.046025,20,442.998149
5.110524,14,443.370747
5.557169,16,443.775636
4.905092,14,444.122724
5.642208,17,446.148113
1.986646,17,446.590094
6.266071,17,447.032028
1.984427,20,447.531183
6.209478,17,447.973479
2.034718,19,448.461841
7.024994,19,448.94968
4.95962,14,449.283075
4.799097,14,449.642587
6.468656,17,450.072005
5.34085,16,450.490479
4.709836,15,450.886983
5.385675,15,451.270565
4.735304,14,451.632214
5.194707,15,452.015551
4.519163,14,452.38987
2.579393,19,452.87773
5.728777,15,453.261313
0.951901,17,453.717805
7.095398,20,454.228894
3.142813,21,454.776198
4.978921,15,455.160099
6.983814,17,455.603219
6.678416,19,456.07913
7.106902,19,456.581022
5.631721,17,457.023699
5.548117,16,457.430824
5.458191,16,457.852035
5.098534,15,458.263333
6.917851,18,458.728949
5.477487,15,459.114077
6.151903,17,459.544246
6.369692,19,460.021126
5.403939,15,460.41833
6.561065,17,460.861508
5.386497,16,461.270544
1.793838,18,461.734583
5.483869,16,462.141547
7.012418,20,462.655443
5.522863,14,463.018655
4.753889,14,463.365035
7.168943,18,463.816983
6.593894,18,464.293538
2.221317,18,464.757674
7.4358,18,465.221187
4.916885,14,465.592716
5.522649,16,465.984004
6.637101,18,466.450572
6.925284,18,466.900959
7.21421,18,467.365425
5.657617,17,467.794693
6.614225,19,468.295161
6.967307,20,468.817938
4.09829,14,469.178668
5.710612,16,469.584418
5.736599,16,470.00452
5.845368,15,470.389097
5.325542,16,470.794483
6.931671,19,471.282922
8.205603,23,471.862595
8.122597,22,472.432295
8.323815,24,473.047942
7.824774,21,473.582418
5.066781,14,473.956513
8.218329,26,474.633073
5.605637,17,475.075691
5.306315,14,475.434842
6.371374,18,475.901344
5.517019,15,476.284951
8.02031,21,476.817902
2.123152,19,477.321325
5.584952,16,477.741708
5.388994,16,478.149327
5.607775,15,478.532584
5.243287,15,478.916852
2.165047,17,479.335397
6.214356,17,479.780268
5.803462,16,480.186441
5.360048,15,480.571125
7.557715,24,481.162248
6.046473,16,481.570374
5.857106,16,481.976538
5.921352,16,482.396963
6.488607,18,482.877376
6.528768,20,483.388796
4.888474,14,483.762844
2.38011,18,484.215445
5.317178,16,484.621667
0.700951,15,485.017604
6.394302,17,485.458277
8.155412,21,485.991283
6.476223,18,486.455191
6.559033,18,486.921318
4.924208,15,487.317592
6.035863,17,487.759796
1.624093,18,488.226339
5.947552,16,488.632909
6.382717,17,489.074067
5.81485,16,489.492932
6.71571,18,489.959854
5.88651,16,490.378495
5.927479,18,490.831279
1.572279,17,491.273512
6.058393,17,491.702395
5.411748,15,492.099124
6.686892,18,492.552346
7.215501,21,493.085613
5.372788,15,493.46968
6.104108,18,493.951618
5.11596,16,494.366455
8.446664,23,494.961194
5.457714,14,495.335557
6.588774,19,495.811671
6.137644,17,496.256322
7.22297,17,496.685217
6.970229,20,497.211984
6.706127,19,497.702392
0.521992,15,498.101341
5.418375,16,498.507761
6.617455,18,500.536006
7.572169,22,501.096548
6.934144,20,501.610645
6.436619,18,502.065424
6.402033,18,502.53378
1.519937,19,503.01305
6.845559,20,503.524477
5.626459,15,503.910365
5.836812,18,504.363371
4.693905,15,504.747046
6.359898,19,505.236623
1.449694,17,505.666698
7.390245,19,506.142367
7.650419,21,506.690444
5.399151,17,507.122116
2.055026,19,507.612702
7.302977,23,508.193135
6.566934,19,508.66814
5.457513,16,509.073401
5.080158,15,509.455789
6.978505,19,509.941673
1.786972,18,510.406704
6.351539,16,510.913925
1.120663,17,511.430539
6.817471,19,511.904528
7.462135,21,512.436155
5.461481,16,512.853519
6.002498,16,513.259694
5.700465,16,513.678865
7.225049,21,514.19769
7.086777,19,514.697057
6.278386,18,515.161078
5.911434,16,515.58061
5.781811,17,516.010585
5.232624,15,516.405298
4.34936,13,516.715671
5.505221,17,517.143741
5.372113,17,517.571451
7.128101,20,518.081819
6.515843,17,518.52575
6.140454,16,518.946735
5.574398,16,519.365958
7.170329,19,519.85741
5.666059,16,520.277896
7.118141,18,520.744306
3.950036,12,521.058891
5.134798,15,521.443296
6.551206,18,521.9087
6.661153,18,522.362765
3.832406,12,522.678447
6.163095,19,523.167821
1.784118,17,523.598223
1.581257,18,524.051522
5.887766,16,524.458875
6.051792,16,524.879307
8.534225,21,525.412943
7.06658,18,525.87903
7.79088,20,526.390019
5.459814,15,526.785947
6.230467,18,527.252048
5.348311,16,527.764837
4.786764,15,528.132891
6.958043,19,528.606883
5.402619,17,529.035098
6.679532,20,529.541697
6.786482,19,530.027822
4.802608,14,530.387583
2.86005,19,530.970015
5.997619,17,531.399419
5.428394,16,531.804905
6.132686,18,532.254952
5.582337,16,532.660955
5.163739,14,533.033904
6.172429,18,533.51139
8.478365,22,534.067139
6.11347,16,534.486509
6.740665,17,534.917176
7.45552,20,535.428395
6.052804,18,535.892862
7.353388,18,536.357922
7.148458,21,536.903919
7.895835,20,537.401204
0.29913,14,537.775699
6.007737,17,538.21791
6.749147,18,538.67008
6.451826,17,539.11059
6.535431,18,539.575785
6.551098,17,540.0197
6.166197,16,540.439341
6.040599,16,540.844436
6.920797,20,541.343503
6.444183,18,541.795629
3.955035,13,542.145953
5.857038,18,542.596482
6.879901,19,543.083908
6.424414,19,543.571121
5.465822,16,543.989283
4.819187,15,544.37036
6.13656,16,544.786766
5.646157,16,545.204611
5.898644,16,545.622465
7.514848,20,546.133231
5.86775,15,546.528917
6.021805,18,546.99189
6.589364,19,547.480907
4.135763,13,547.801747
2.931123,20,548.331959
5.814924,16,548.737567
6.583003,18,549.200546
6.126441,17,549.641153
6.474772,17,550.083385
4.441605,14,550.430227
7.005304,19,550.918032
7.188196,19,551.420058
6.774933,18,551.871312
6.625054,19,552.373073
6.663757,18,552.837618
6.317273,17,554.844934
8.376227,24,555.461157
4.766541,14,555.82043
5.481364,16,556.226583
7.573211,21,556.76011
7.028362,19,557.262172
7.334341,20,557.762557
7.315674,21,558.28296
6.908822,18,558.749831
6.099385,18,559.215299
5.795762,17,559.643509
6.685706,20,560.168297
8.032112,27,560.840204
7.468879,20,561.366159
6.388597,19,561.839005
5.683369,16,562.259918
5.930976,16,562.651674
6.603623,18,563.130223
5.850591,16,563.535639
5.584944,17,563.964335
4.51545,15,564.346607
8.663555,23,564.924742
6.011343,18,565.375471
5.494573,15,565.758165
6.582194,17,566.187954
5.736381,17,566.616615
8.454856,27,567.299931
6.58726,18,567.764475
5.821455,18,568.23103
9.067077,24,568.845144
6.429259,18,569.308757
6.909906,18,569.772261
5.434278,16,570.191374
6.822565,19,570.680199
7.065999,21,571.213641
6.569784,18,571.665488
6.303844,17,572.107457
7.461033,19,572.594069
1.480828,18,573.058062
6.997124,18,573.524611
5.371102,16,573.916093
6.767715,19,574.404799
8.16447,23,574.998254
4.469386,15,575.381695
6.004029,18,575.84635
4.722567,15,576.229213
5.904591,16,576.648469
6.300592,19,577.139356
8.322319,23,577.706155
6.297905,18,578.171086
6.003328,17,578.601279
9.251699,25,579.214109
6.319072,16,579.620353
5.35786,16,580.027139
6.751461,20,580.537882
6.967187,19,581.013229
7.604441,20,581.525281
5.162224,16,581.945305
3.438562,23,582.524868
5.512286,16,582.931168
6.497157,19,583.39438
6.255811,20,583.893868
6.188491,16,584.300873
6.97148,19,584.776104
4.650394,15,585.158318
6.950618,21,585.692112
5.883779,16,586.110078
6.143474,17,586.541321
7.018894,20,587.054952
5.861494,17,587.471484
6.345465,18,587.937039
7.042132,19,588.427025
6.376277,18,588.878612
5.733981,17,589.307417
4.852621,14,589.680561
6.590802,18,590.14359
5.392353,16,590.562506
4.515504,14,590.908104
5.92108,17,591.348647
6.657585,18,591.812496
7.711537,21,592.332761
5.597387,17,592.77447
6.199934,16,593.193737
-27.404726,151,596.987902
4.48319,14,597.349861
7.112122,21,597.871624
5.627884,16,598.291189
4.471888,15,598.687985
5.554044,16,599.093813
1.415791,17,599.523463
5.71474,16,599.930236
5.774208,17,600.372888
5.142667,16,600.80168
5.391852,15,601.198184
1.211615,18,601.664484
8.681827,25,602.31882
6.919498,19,602.806727
7.031424,19,603.282887
7.462593,21,603.804022
5.989544,17,604.233646
5.001722,15,604.61696
7.098594,20,605.14248
5.476022,17,605.584283
6.046218,18,606.039875
6.612931,18,606.519982
5.883712,17,608.522429
6.953284,21,609.057767
5.802703,18,609.523375
6.334528,17,609.977431
1.615413,18,610.44576
8.29015,25,611.073009
7.106726,21,611.620018
6.718876,19,612.107816
5.420378,16,612.513629
5.418784,15,612.897581
5.852078,17,613.341048
8.063757,23,613.9221
6.588688,20,614.417952
7.282791,20,614.929379
6.01066,17,615.358491
4.248882,26,616.032739
6.499931,19,616.520075
6.549469,17,616.94785
6.12987,17,617.389596
4.479613,26,618.050555
6.629366,18,618.501098
7.7087,22,619.044883
6.939108,19,619.533616
6.804102,22,620.092355
1.414447,19,620.566532
6.836019,21,621.09965
6.087289,18,621.551713
7.008966,18,622.0048
6.246856,19,622.494201
6.179246,19,622.96972
6.948745,20,623.481467
7.08493,21,624.016097
6.714807,19,624.505182
2.085769,19,625.007535
7.033973,19,625.485051
7.961508,22,626.055717
7.005832,20,626.553961
6.778617,20,627.051664
7.721791,22,627.610026
5.773211,19,628.098694
5.18197,16,628.505796
5.732493,16,628.927202
6.206141,18,629.380453
5.457198,17,629.811043
6.828405,19,630.286504
5.582069,17,630.701344
7.4736,19,631.165648
6.858221,20,631.651049
7.05044,21,632.174727
7.375105,21,632.696621
7.099754,20,633.194722
3.845131,12,633.48258
6.323544,17,633.924769
6.797166,20,634.449543
8.748447,23,635.017593
-26.309081,151,638.785807
5.643108,18,639.237761
9.754426,33,640.048643
6.617512,18,640.473441
6.088431,18,640.925413
5.765979,17,641.354272
8.173379,22,641.924807
5.347165,15,642.306808
5.363543,16,642.714376
6.021968,18,643.166124
5.515297,17,643.580415
6.118912,18,644.030273
6.397132,19,644.504386
6.08431,20,645.000704
6.903437,19,645.487586
6.408245,18,645.951649
8.048198,24,646.554784
6.650909,17,646.997808
6.810118,19,647.486331
4.852778,15,647.869249
6.263742,18,648.335675
7.127435,21,648.854854
6.318475,16,649.274041
6.848476,20,649.786059
6.822262,18,650.253181
6.353878,21,650.775909
8.054636,22,651.332776
6.881303,19,651.807446
7.917098,24,652.423584
8.407513,24,653.040589
6.347843,18,653.506674
6.912353,22,654.080748
6.362319,20,654.598364
5.826567,16,655.006743
5.823043,18,655.461993
5.297199,16,655.86924
3.239278,22,656.415374
8.516547,28,657.110652
8.266407,23,657.70628
6.347954,19,658.196511
6.691974,20,658.695262
9.251502,28,659.404014
6.641771,19,659.878162
6.36408,18,661.941098
6.931491,20,662.440529
4.552279,15,662.825077
-33.918951,151,666.540597
2.167545,20,667.054618
7.061612,20,667.552637
6.308661,18,668.017053
7.857859,21,668.551401
7.999497,21,669.073073
6.578835,20,669.572985
6.391173,18,670.011966
8.286952,25,670.627051
6.20371,18,671.082587
7.179512,19,671.543809
8.730434,30,672.280325
6.795618,19,672.740806
6.969546,21,673.246352
4.477355,15,673.615618
4.174819,14,673.964104
6.406509,21,674.470762
6.490448,18,674.920608
7.101598,21,675.440254
5.691339,17,675.869449
6.797998,18,676.307828
9.087712,30,677.074719
5.076885,15,677.472323
-34.853857,151,681.224649
6.953422,20,681.724849
7.779774,22,682.298144
5.905924,17,682.715198
7.768909,22,683.287317
6.490847,18,683.726085
5.42476,17,684.169869
6.455659,21,684.705229
7.647182,23,685.274766
5.915663,18,685.741933
4.76312,16,686.135887
-30.482568,151,689.847008
5.814157,16,690.257724
6.153491,17,690.68896
5.946192,18,691.156555
7.293502,20,691.643074
7.498522,21,692.166676
5.91941,18,692.607171
2.201088,19,693.056637
7.469911,21,693.577251
8.249556,26,694.210042
-33.596208,151,697.919518
6.749596,20,698.419502
2.631405,20,698.917928
6.464737,20,699.416242
7.160314,20,699.929793
7.739923,22,700.475516
5.821114,18,700.927701
6.921177,19,701.405018
7.456201,21,701.927377
6.13359,17,702.369493
5.95718,19,702.84539
0.981318,15,703.244225
5.533827,17,703.66206
7.029386,24,704.281305
6.48503,20,704.77966
8.639825,26,705.444024
6.298924,19,705.907073
6.864091,19,706.393762
7.309615,22,706.945767
2.597859,20,707.44508
6.386164,19,707.919779
7.311428,22,708.474818
5.279666,17,708.904846
6.564128,19,709.370021
7.490528,22,709.927405
6.699152,18,710.367567
7.915742,24,710.957814
4.793057,16,711.351435
6.613428,18,711.802723
6.105834,19,712.277873
5.893022,17,712.719283
7.249683,22,714.875331
-36.40724,151,718.593182
5.769904,18,719.060491
-36.166881,151,722.747765
8.559452,28,723.457722
7.426914,23,724.039747
-32.405141,151,727.755456
5.883596,20,728.240852
6.404717,18,728.690986
6.610493,20,729.202614
8.499495,25,729.816235
2.551847,23,730.39801
7.116974,22,730.939932
5.255688,18,731.379488
6.245918,18,731.81767
8.594629,27,732.461936
2.342154,20,732.944475
7.474655,23,733.498183
6.051513,19,733.973218
-33.847736,151,737.654181
-32.281146,151,741.357921
6.70065,19,741.822821
6.070995,19,742.288551
2.270675,21,742.797628
8.930207,32,743.548494
7.285993,21,744.042169
6.726911,23,744.610603
7.690257,26,745.258867
9.103136,29,745.966486
-32.488758,151,749.558776
6.238886,17,749.979253
5.359927,17,750.393958
8.281313,25,750.993318
9.111808,32,751.770862
7.812814,25,752.385468
7.657095,25,753.012207
6.421632,19,753.476353
5.530698,17,753.905704
9.239909,30,754.647323
6.005199,19,755.110229
6.073629,18,755.552031
6.889152,23,756.106265
7.251827,21,756.626602
8.663323,28,757.320713
6.715986,19,757.794536
6.803008,18,758.267206
-34.456415,151,761.886315
5.777069,17,762.318763
5.27176,17,762.762989
7.449672,21,763.298357
7.551223,23,763.879387
-35.14205,151,769.16918
7.024992,22,769.728429
6.202563,18,770.183208
7.67707,24,770.776959
5.878608,18,771.230156
6.863592,19,771.679506
7.854714,23,772.260326
7.6743,22,772.80737
-37.490798,151,776.415704
8.24711,28,777.069413
7.20024,22,777.603188
7.834689,22,778.13867
6.827774,19,778.614448
6.836453,20,779.11296
7.6311,24,779.720065
7.429137,22,780.269151
8.183336,25,780.883873
6.346064,19,781.360695
4.941577,16,781.768687
6.189898,18,782.236265
5.175333,15,782.607925
7.723702,26,783.248298
6.476258,20,783.7358
8.613997,25,784.349431
6.371691,19,784.810382
8.088105,23,785.368209
8.072574,23,785.937192
5.535168,17,786.354831
2.21472,22,786.915226
7.498059,21,787.437123
6.907858,21,787.971079
-35.217162,151,791.713294
7.276974,23,792.272407
7.347493,24,792.865363
6.924106,21,793.386687
6.657714,18,793.826766
6.3569,19,794.276304
6.756369,22,794.807941
5.469236,17,795.223419
-32.182975,151,798.876793
6.534187,20,799.350533
6.399301,19,799.838736
5.848205,17,800.253936
6.871575,21,800.76213
7.74181,25,801.377037
6.011675,18,801.830292
7.490166,22,802.377092
7.730563,24,802.957795
8.414575,27,803.606497
5.879461,18,804.033553
6.519721,18,804.472824
7.418063,20,804.970794
5.915599,19,805.445691
6.835623,19,805.921268
5.886125,18,806.373612
7.367913,21,806.89531
9.139231,33,807.707006
-36.250893,151,811.318776
6.040401,19,811.783211
5.982882,17,812.21392
-30.215799,151,815.927602
5.251395,17,816.346338
8.339233,24,818.464485
6.233611,20,818.936547
5.811541,18,819.377961
7.042475,21,819.886664
-35.88983,151,823.608587
6.284226,18,824.063484
6.087037,19,824.538805
7.291834,21,825.047257
5.789191,16,825.444427
8.237349,28,826.102174
7.098464,23,826.655591
2.346385,24,827.24753
5.960462,18,827.67466
5.12102,17,828.080113
8.524647,27,828.755513
5.408795,17,829.159173
6.4949,19,829.622669
7.269622,21,830.143682
5.790932,18,830.586157
7.639791,24,831.192455
6.835575,20,831.677664
-35.748119,151,835.203361
6.285092,19,835.679831
5.557419,19,836.157442
-37.748678,151,839.727803
6.537384,19,840.192121
6.131081,18,840.634363
7.622362,22,841.15473
4.997132,16,841.537979
7.778212,24,842.101561
-36.66434,151,845.737348
6.610588,21,846.233362
7.02953,22,846.778451
7.344173,21,847.274275
8.290706,27,847.934087
7.605817,22,848.493759
6.296383,21,849.017497
7.14596,23,849.58833
5.405248,17,849.993671
5.810794,17,850.411152
-34.080419,151,853.974478
-32.774508,151,857.593009
-35.36954,151,861.178861
8.768107,27,861.825343
7.860688,22,862.356927
-33.078342,151,866.013569
6.681278,21,866.522934
-35.916614,151,871.752156
5.496076,19,872.20482
9.133854,29,872.887167
6.528904,20,873.360907
-40.131285,151,876.951226
7.592915,23,877.506837
5.793449,18,877.96002
-37.949557,151,881.532044
6.541697,22,882.050535
7.444614,27,882.724078
-35.634487,151,886.322287
6.844952,22,886.840197
5.360042,17,887.256913
7.644888,23,887.813954
5.724562,19,888.289553
5.736371,20,888.80209
-36.112467,151,892.322781
6.450831,20,892.807162
6.177526,19,893.28403
5.901814,18,893.737381
5.521004,18,894.165114
7.306536,22,894.686518
-41.148648,151,898.212996
6.755506,21,898.721802
4.710557,16,899.101325
7.288615,23,899.64151
6.986648,20,900.113223
-34.964521,151,903.633676
7.335502,26,904.256442
7.714014,24,904.842869
5.46719,17,905.258547
7.17805,23,905.811715
6.729338,21,906.320305
5.850425,19,906.7689
5.896542,17,907.171141
-32.588603,151,910.729538
-39.207703,151,914.286671
6.016465,17,914.69123
-36.874755,151,919.885722
4.85193,15,920.243228
-40.116503,151,923.836489
5.371591,17,924.242489
6.331457,20,924.716216
8.778982,26,925.328661
6.668053,20,925.81116
5.706582,20,926.296785
-39.672218,151,929.83009
7.234919,26,930.455471
5.984151,18,930.921143
2.081789,21,931.431488
-35.299014,151,934.927426
6.297174,19,935.391654
8.234875,26,936.002925
7.797873,25,936.591027
4.956096,16,936.971629
-38.101071,151,940.535927
6.586518,20,941.008336
5.079837,16,941.38903
7.07826,22,941.921849
-37.754511,151,945.543714
7.379843,24,946.125798
5.922804,18,946.56754
7.024022,24,947.157659
7.254874,25,947.784134
7.377036,23,948.326621
5.945143,21,948.821404
7.251592,27,949.452513
9.822091,32,950.196904
-39.212866,151,953.859118
5.489468,18,954.300286
6.47147,22,954.818548
7.050638,23,955.360973
-36.344397,151,958.964894
8.771765,27,959.600147
6.374753,22,960.119941
4.338687,15,960.477217
7.194525,24,961.039234
-37.627978,151,964.599823
-32.465044,151,969.828078
-39.204843,151,973.422415
-39.583169,151,976.931765
-40.980841,151,980.41691
5.677687,19,980.882421
-35.707212,151,984.424595
-40.513765,151,987.92931
7.403596,23,988.475474
7.590472,28,989.134421
5.256661,16,989.514698
-36.681517,151,993.02111
6.373958,22,993.551789
6.477417,20,994.040111
6.861386,25,994.628098
-38.701765,151,998.171111
-37.971018,151,1001.680882
-37.441994,151,1005.245462
-38.04301,151,1008.801217
-39.968469,151,1012.320933
-37.340082,151,1015.888402
5.920752,19,1016.354301
5.868435,19,1016.802747
-38.349627,151,1021.932479
-37.943199,151,1025.460837
-41.477021,151,1028.998781
6.582622,20,1029.471999
6.945949,21,1029.968912
7.566799,28,1030.642282
7.440001,23,1031.18563
-37.658839,151,1034.740865
-39.758899,151,1038.275272
-38.376356,151,1041.800185
-37.214281,151,1045.328005
-37.99099,151,1048.849366
6.160953,22,1049.365464
6.97067,23,1049.904003
-40.078557,151,1053.410939
7.120563,24,1053.975219
6.230004,22,1054.504884
-40.73505,151,1058.066188
3.931122,14,1058.414101
-36.128667,151,1061.945511
5.977546,21,1062.470429
-39.114688,151,1065.973253
6.669979,22,1066.492829
-41.640241,151,1071.574738
-40.400817,151,1075.073521
6.609175,22,1075.607387
2.253975,24,1076.200761
-39.92986,151,1079.700707
-39.808033,151,1083.202145
5.922753,19,1083.652766
5.826433,19,1084.101324
-41.211653,151,1087.638999
-39.99364,151,1091.160053
-39.895509,151,1094.702346
-42.678535,151,1098.219129
-39.030026,151,1101.727361
-40.943273,151,1105.255592
-40.125777,151,1108.808042
-39.569971,151,1112.351976
-41.467245,151,1115.875548
-40.067644,151,1121.030674
-39.919139,151,1124.536865
7.369707,25,1125.127308
-41.315078,151,1128.688756
-40.473993,151,1132.197196
-38.260631,151,1135.736532
-38.878528,151,1139.249868
-39.158867,151,1142.781038
-37.299166,151,1146.294949
-40.224717,151,1149.802623
-40.870194,151,1153.326553
-38.881012,151,1156.835746
6.510004,19,1157.285573
-41.397523,151,1160.87933
6.66494,21,1161.405972
6.910019,24,1161.972178
6.13487,21,1162.480239
5.749844,17,1162.885465
-40.123195,151,1168.042116
-40.608994,151,1171.514813
-39.6732,151,1174.992081
6.313148,21,1175.515713
7.086674,26,1176.139278
-41.19718,151,1179.653345
6.489518,20,1180.142545
5.719596,19,1180.5919
-40.787816,151,1184.120717
-39.292409,151,1187.667043
-39.712697,151,1191.194021
8.051759,25,1191.783908
-43.146652,151,1195.334731
7.679675,24,1195.90349
7.054806,24,1196.470113
7.070043,26,1197.108597
4.652887,16,1197.506933
-40.885461,151,1201.064345
-38.840134,151,1204.693447
-39.892407,151,1208.24209
6.941042,24,1208.837776
5.743274,19,1209.302418
-38.716569,151,1212.836153
-39.853479,151,1218.026781
-40.866336,151,1221.535937
-38.640492,151,1225.103228
5.655895,18,1225.547143
7.359115,24,1226.116235
5.961028,20,1226.590704
-40.20321,151,1230.124377
-36.263585,151,1233.663259
-40.738988,151,1237.216467
-38.124526,151,1240.747371
5.784798,19,1241.21177
6.720897,22,1241.744827
-38.113047,151,1245.310758
-40.539245,151,1248.886222
-36.849989,151,1252.448694
-39.217672,151,1255.971472
6.746432,21,1256.470405
-36.75465,151,1259.991063
5.365263,18,1260.414853
6.879564,25,1261.026864
-37.546579,151,1264.562648
-36.868608,151,1269.768257
-40.117877,151,1273.354995
-33.97447,151,1276.897365
-41.293548,151,1280.414776
-41.068759,151,1283.946902
6.535997,21,1284.458272
-37.903323,151,1287.98948
8.45525,25,1288.587486
-38.497272,151,1292.12639
-43.742604,151,1295.699597
-40.123114,151,1299.23408
7.063582,23,1299.786433
-40.794331,151,1303.323424
6.799382,23,1303.865876
-41.666418,151,1307.374994
7.236976,23,1307.941926
-37.479497,151,1311.47316
7.938584,25,1312.075691
-39.872965,151,1317.227981
8.144814,26,1317.864561
-41.553146,151,1321.380563
8.15521,28,1322.04167
6.32656,20,1322.527992
-39.119396,151,1326.059852
-39.863019,151,1329.596308
-39.196322,151,1333.089205
-43.925117,151,1336.558901
-36.361921,151,1340.056647
-41.945572,151,1343.550193
5.70083,18,1344.017458
-40.321597,151,1347.647872
7.656314,25,1348.235415
-39.344287,151,1351.765841
-38.90566,151,1355.285509
6.313897,21,1355.792516
-41.552179,151,1359.305331
-39.058876,151,1362.856654
-39.077947,151,1367.976866
-35.580132,151,1371.504363
5.112605,16,1371.888093
-38.904964,151,1375.433132
7.485309,27,1376.063985
-40.720024,151,1379.611812
-35.997631,151,1383.183142
-39.398386,151,1386.717886
-40.52364,151,1390.276285
-39.602503,151,1393.858892
6.584826,20,1394.35007
-40.409763,151,1397.868934
7.165592,23,1398.425987
-39.433425,151,1401.963235
8.384837,29,1402.673824
-39.210678,151,1406.214283
7.719674,25,1406.81814
6.598639,22,1407.350225
-40.013443,151,1410.918852
-40.279804,151,1414.460678
5.98556,20,1416.52
-39.369372,151,1420.056128
-36.643763,151,1423.569628
8.254192,26,1424.180861
6.608063,22,1424.696835
6.825459,25,1425.293788
6.109267,22,1425.83781
7.373316,25,1426.452353
-39.479529,151,1429.979894
-38.481761,151,1433.507025
7.263594,27,1434.170905
-38.937102,151,1437.693252
7.497444,25,1438.314853
7.845206,28,1438.978313
-39.410357,151,1442.560867
-42.311439,151,1446.077887
8.235733,28,1446.740735
-40.270892,151,1450.261295
6.395116,21,1450.762721
-38.85738,151,1454.287021
7.097914,23,1454.843208
7.671912,24,1455.422722
6.522414,21,1455.932988
-38.697415,151,1459.495155
7.169511,24,1460.073113
6.898399,25,1460.687352
7.603984,27,1461.334171
6.072589,21,1461.832878
7.624728,26,1462.445029
-37.241422,151,1467.57079
-40.131096,151,1471.140971
6.053095,23,1471.687461
-41.05647,151,1475.212527
7.059296,24,1475.795317
-37.40934,151,1479.336828
-41.571844,151,1482.856597
-37.887793,151,1486.387269
-36.893427,151,1489.924166
7.974814,24,1490.498568
-38.14043,151,1494.082999
-38.587531,151,1497.6449
-38.085144,151,1501.159126
-40.729712,151,1504.681353
-40.945991,151,1508.218509
-37.751485,151,1511.725843
6.225535,22,1512.24534
-41.913842,151,1517.358952
-39.222347,151,1520.896273
8.062835,28,1521.570608
-37.903492,151,1525.085463
-37.372562,151,1528.639766
-36.738059,151,1532.162341
-40.45991,151,1535.725457
-37.029521,151,1539.28477
-38.33343,151,1542.797157
6.718803,21,1543.294633
6.45153,21,1543.788937
-38.507679,151,1547.298396
-40.994616,151,1550.818645
-39.940894,151,1554.325753
7.881275,27,1554.989759
-40.053171,151,1558.558159
6.320784,21,1559.068696
5.695276,20,1559.555413
6.946962,21,1560.054284
-40.06942,151,1563.592488
6.772299,22,1565.752425
-41.256653,151,1569.289103
-42.226678,151,1572.794142
-39.968127,151,1576.305014
-38.019154,151,1579.867341
-43.432495,151,1583.400571
-40.887563,151,1586.906615
-40.675143,151,1590.469815
-39.615805,151,1593.995982
-40.645767,151,1597.518719
6.684903,24,1598.084051
-39.003623,151,1601.651979
-37.835845,151,1605.185412
-35.327332,151,1608.715845
-39.825797,151,1612.241626
-36.245948,151,1617.379382
7.49356,25,1617.997277
5.425237,18,1618.438979
-38.936915,151,1621.963107
6.327224,22,1622.495368
-41.44667,151,1626.004381
5.248805,18,1626.447514
-40.866547,151,1629.97462
5.384702,19,1630.440844
6.697796,21,1630.952129
7.481678,22,1631.477556
-39.593907,151,1635.039339
7.282547,25,1635.641299
6.922218,22,1636.156603
-40.336904,151,1639.742238
-39.529795,151,1643.277953
-37.609743,151,1646.794096
-40.909599,151,1650.332529
-39.883708,151,1653.839918
-40.76163,151,1657.353344
-37.365112,151,1660.878612
-39.347473,151,1665.962543
-36.865352,151,1669.497223
6.071918,19,1669.959504
-39.459538,151,1673.475585
-37.807202,151,1676.992441
-41.84826,151,1680.532454
7.546158,26,1681.16155
5.505919,19,1681.639463
5.545057,17,1682.059549
-37.465469,151,1685.635826
-40.261832,151,1689.160881
-40.168219,151,1692.684673
6.56683,23,1693.24163
6.733707,22,1693.761476
-40.157913,151,1697.293094
-39.006442,151,1700.832247
-36.932085,151,1704.378975
-38.796944,151,1707.894136
-42.75837,151,1711.415571
7.16669,23,1711.972006
6.58129,21,1712.47209
-41.657144,151,1717.659793
5.642974,19,1718.11023
-36.357429,151,1721.704522
-37.77991,151,1725.265404
7.641747,25,1725.871676
5.706854,20,1726.346199
-41.811828,151,1729.857009
-41.489988,151,1733.442978
6.439909,21,1733.942508
5.283041,19,1734.394361
-37.827772,151,1737.910264
7.359994,22,1738.430766
-38.357187,151,1741.944264
-38.27511,151,1745.460934
-40.388876,151,1748.973292
-40.475803,151,1752.51599
-38.643313,151,1756.038002
-38.545746,151,1759.557077
6.265814,20,1760.041636
-39.955786,151,1765.189835
-39.519635,151,1768.783734
6.056314,19,1769.236947
7.248992,24,1769.802018
-37.874654,151,1773.351131
-41.860512,151,1776.989862
-37.780371,151,1780.521568
-39.222571,151,1784.028984
-41.796118,151,1787.562187
-36.754202,151,1791.116869
-41.964846,151,1794.650248
-37.611584,151,1798.260789
-39.78493,151,1801.796604
-38.312031,151,1805.294854
2.240417,23,1805.837981
-42.970443,151,1809.353527
-38.156031,151,1814.515228
5.955945,20,1814.990705
-37.076107,151,1818.534935
6.114594,22,1819.066258
-37.039166,151,1822.645653
5.974778,20,1823.12467
-40.039046,151,1826.637195
-40.157523,151,1830.181416
6.085434,21,1830.680781
6.690388,21,1831.177485
-39.760578,151,1834.737769
-36.254255,151,1838.334765
7.813349,25,1838.929256
-34.642925,151,1842.455872
7.914141,27,1843.093947
5.704695,17,1843.50957
5.97439,19,1843.972079
-35.87764,151,1847.487099
5.682978,19,1847.940226
6.928655,23,1848.511519
-39.230797,151,1852.062248
-38.079271,151,1855.585439
-37.385157,151,1859.193471
-44.056755,151,1864.283461
8.788759,27,1864.934194
-38.330688,151,1868.533287
-39.066104,151,1872.102499
8.445047,27,1872.754141
-38.07068,151,1876.281627
5.255324,19,1876.768774
-40.614796,151,1880.282054
-39.914583,151,1883.768138
8.843327,30,1884.51587
7.978256,27,1885.171033
5.622748,19,1885.637714
-38.266083,151,1889.180797
6.489587,20,1889.668819
-40.875174,151,1893.186913
-37.889833,151,1896.753557
-38.764506,151,1900.274457
-35.319637,151,1903.908104
9.080493,28,1904.593726
-36.102576,151,1908.130751
7.789458,24,1908.723276
6.165374,20,1909.211149
-39.880429,151,1914.37304
2.851477,26,1914.985428
8.763131,27,1915.634403
6.766733,21,1916.145297
-38.181072,151,1919.787675
10.02122,29,1920.470772
7.487722,24,1921.04599
8.869532,27,1921.694608
-36.878345,151,1925.221874
-35.557656,151,1928.761787
-36.489752,151,1932.389802
7.121483,22,1932.925196
7.01689,23,1933.482134
5.23344,17,1933.903171
7.138409,23,1934.488872
6.181608,20,1935.003955
5.862951,20,1935.521891
8.754435,29,1936.243882
5.242751,18,1936.685985
-36.181867,151,1940.254636
7.46976,21,1940.756354
5.961505,19,1941.207416
6.248996,19,1941.657112
7.825339,26,1942.282349
-34.151134,151,1945.862077
6.356162,19,1946.325573
-33.815423,151,1949.86732
5.812701,18,1950.306826
7.714548,25,1950.912004
-36.601939,151,1954.417102
6.778566,21,1954.941006
7.326194,23,1955.497555
7.697276,24,1956.062684
7.370947,24,1956.639153
-37.152105,151,1960.181952
-37.057277,151,1965.338769
-37.463926,151,1968.913043
7.738543,25,1969.529896
7.29074,25,1970.118408
6.401815,20,1970.590702
8.370399,26,1971.197418
7.114545,24,1971.772637
6.678716,24,1972.351824
-35.936258,151,1975.922559
5.963513,19,1976.385098
-37.222191,151,1979.905972
6.567422,19,1980.36883
5.620112,17,1980.797776
6.18954,20,1981.296445
7.117008,21,1981.792195
-39.312441,151,1985.31022
-36.446433,151,1988.838395
6.059533,22,1989.358791
-37.196726,151,1992.912626
5.159094,18,1993.342582
7.538904,23,1993.896906
5.074703,17,1994.301597
7.631484,22,1994.833233
7.536333,26,1995.47193
4.803142,17,1995.905333
8.833967,27,1996.582062
6.698498,20,1997.082452
6.308876,20,1997.570651
-37.729729,151,2001.089514
5.243989,17,2001.495736
4.52015,15,2001.867692
1.244536,17,2002.286652
6.680696,23,2002.826905
-35.758027,151,2006.399947
7.510655,23,2006.971215
7.584498,27,2007.63452
5.902889,19,2008.10022
-34.4819,151,2011.690383
6.181394,19,2012.153297
6.584067,22,2014.284067
-34.949073,151,2017.84247
-33.571834,151,2021.516851
-39.632165,151,2025.110825
-36.12808,151,2028.67723
5.252063,15,2029.037261
7.481414,23,2029.591373
-36.680868,151,2033.124221
6.579888,21,2033.623686
8.176155,30,2034.33936
-40.378955,151,2037.876712
6.158789,19,2038.34108
-35.940944,151,2041.906387
7.930023,27,2042.577569
-36.394087,151,2046.198842
5.823092,18,2046.627566
-35.517091,151,2050.199869
7.404762,25,2050.818578
5.785871,20,2051.307235
-32.898303,151,2054.863087
-38.640886,151,2058.396529
5.932393,19,2058.860178
8.077794,26,2059.499117
-36.798728,151,2064.653777
-40.713451,151,2068.255394
5.560743,17,2068.687285
-36.977009,151,2072.332461
9.216843,32,2073.080916
6.93392,21,2073.576756
9.075641,28,2074.234406
6.556594,23,2074.79196
4.889789,14,2075.128658
8.570505,28,2075.815049
6.266569,20,2076.318296
7.724369,24,2076.912522
6.686792,20,2077.426394
6.506719,22,2077.971732
6.73691,20,2078.461142
-39.138389,151,2082.072687
6.97304,22,2082.609897
5.989112,19,2083.07267
6.958248,21,2083.581822
-37.11993,151,2087.242126
-36.012412,151,2090.734396
7.418876,25,2091.366615
7.90215,24,2091.972827
-38.729459,151,2095.613255
-36.927252,151,2099.195878
6.424964,19,2099.659368
7.527159,23,2100.217977
6.394821,21,2100.726587
5.689824,17,2101.143043
8.420243,29,2101.847628
7.410337,24,2102.441808
8.811995,28,2103.140023
7.174482,23,2103.693781
7.412883,25,2104.281724
6.476653,20,2104.753626
1.357764,18,2105.192259
6.242359,20,2105.66263
5.800656,19,2106.110624
8.747116,26,2106.730834
7.713501,26,2107.37001
7.332904,21,2107.880106
6.30285,19,2108.342226
-36.239786,151,2111.96652
9.094512,31,2112.734043
5.323955,18,2113.159745
-34.922337,151,2118.33057
7.048145,22,2118.859945
5.759633,18,2119.283566
6.819143,22,2119.825139
7.714929,23,2120.392849
7.379364,25,2121.007294
6.262606,20,2121.495329
-36.694508,151,2125.097375
7.638214,24,2125.677828
7.025608,22,2126.210916
4.679407,16,2126.606456
5.981529,20,2127.091429
6.876464,21,2127.627302
6.024767,19,2128.092648
5.157182,18,2128.549838
8.147566,25,2129.166917
9.246888,29,2129.874145
7.225046,24,2130.468014
9.043716,31,2131.218922
-37.558405,151,2134.923982
9.613485,30,2135.686152
7.789808,23,2136.257709
6.834604,21,2136.769151
-36.823865,151,2140.375198
6.68624,22,2140.897372
7.071919,22,2141.431226
7.268768,25,2142.048478
-37.991469,151,2145.663
5.531689,19,2146.114776
5.868843,19,2146.565695
6.590917,21,2147.060661
-35.353507,151,2150.623848
-37.439483,151,2154.208633
6.275333,19,2154.68779
-37.339563,151,2158.276474
-38.630756,151,2161.810962
4.65432,16,2162.204676
-39.39041,151,2167.390673
6.377044,20,2167.875815
8.385414,26,2168.527615
6.162475,19,2169.006235
5.294196,17,2169.438837
-36.470857,151,2173.023651
5.791483,19,2173.474446
6.5945,19,2173.924448
5.568164,18,2174.350682
-33.905112,151,2177.91612
6.489329,18,2178.359749
7.315852,22,2178.906193
-36.545243,151,2182.492366
8.16732,25,2183.097183
6.599103,19,2183.575895
-34.774056,151,2187.237895
6.544488,18,2187.694478
-34.823913,151,2191.3918
-35.527487,151,2195.085272
-38.11305,151,2198.734894
6.560781,20,2199.237019
4.498299,15,2199.6243
6.182951,19,2200.089983
8.266453,25,2200.718466
-34.151933,151,2204.337384
-34.671537,151,2207.931147
-31.323578,151,2211.477918
7.42915,23,2212.03755
5.749053,18,2212.466843
4.976102,16,2212.8627
-34.374904,151,2218.097021
6.0623,20,2218.58707
5.843486,17,2219.006144
4.890873,15,2219.378068
7.312576,21,2219.886825
5.831526,18,2220.343343
5.422697,16,2220.752091
7.011371,20,2221.240286
8.49591,24,2221.831496
6.91616,20,2222.320213
7.124573,21,2222.858744
-37.013315,151,2226.516065
6.800083,21,2227.041461
5.784796,18,2227.498977
7.40587,22,2228.032478
8.677187,24,2228.615224
5.587855,17,2229.031847
6.401628,17,2229.462136
-33.763918,151,2233.139588
6.778019,20,2233.642987
6.578218,19,2234.118432
6.696793,19,2234.584378
8.511008,23,2235.152051
2.179443,22,2235.684296
7.95202,22,2236.215448
7.51102,25,2236.815162
6.88091,22,2237.346636
5.867523,19,2237.812439
-36.28391,151,2241.524961
8.849148,27,2242.21747
10.239749,32,2243.012257
7.209722,24,2243.605082
7.596233,24,2244.198541
8.078318,23,2244.754661
5.749745,19,2245.218156
7.476994,21,2245.728935
6.234419,18,2246.171297
6.530956,21,2246.680546
5.464218,17,2247.085825
7.690564,22,2247.631607
4.90586,16,2248.027234
8.811216,29,2248.733894
7.527632,23,2249.317575
5.872558,17,2249.724768
8.151151,25,2250.339629
8.277948,25,2250.954592
2.097933,20,2251.442517
6.522807,18,2251.898655
7.475025,20,2252.414575
-27.485319,151,2256.18188
5.628454,17,2256.61633
6.131262,19,2257.081382
6.187312,19,2257.548039
3.834767,13,2257.874735
5.837945,18,2258.317103
5.078386,15,2258.676594
5.977153,21,2259.18883
5.403039,17,2259.619651
7.693114,23,2260.192363
8.099068,22,2260.739903
-33.989457,151,2264.484148
5.980862,19,2264.964206
5.56132,17,2265.383515
5.949216,16,2265.780752
5.658545,18,2266.223137
5.180866,17,2266.641913
-35.896489,151,2271.977167
7.876547,21,2272.516704
7.288692,24,2273.109891
-32.535046,151,2276.828199
4.501854,15,2277.215601
6.266879,19,2277.682555
6.555736,20,2278.185588
6.356789,20,2278.701345
7.031367,20,2279.203312
6.964156,20,2279.718713
8.566015,25,2280.348017
7.065447,21,2280.887687
7.001429,23,2281.471327
6.008131,17,2281.890361
7.067289,20,2282.382799
6.317816,20,2282.870986
5.862826,16,2283.266052
5.857468,18,2283.70752
7.19722,23,2284.26218
8.098263,24,2284.841916
8.09479,23,2285.437692
5.273324,16,2285.833045
8.109805,26,2286.497774
6.389926,19,2286.97473
4.929457,16,2287.369892
7.741965,22,2287.93011
2.03444,20,2288.418748
2.396338,21,2288.929876
7.114352,22,2289.464952
7.693276,23,2290.021745
6.847093,21,2290.543329
5.016274,16,2290.939364
5.829856,18,2291.394522
6.563384,17,2291.841077
5.126985,16,2292.264111
-32.111598,151,2295.945941
6.973629,22,2296.507945
6.679377,20,2297.009685
7.603976,24,2297.60566
8.578652,27,2298.268563
7.805505,24,2298.864135
8.002469,25,2299.511834
6.348893,18,2299.967489
6.615426,20,2300.483913
6.907531,19,2300.964253
6.886874,20,2301.469147
7.419167,23,2302.053972
9.472398,32,2302.859207
5.36971,15,2303.23154
6.050265,20,2303.745629
5.896129,18,2304.215366
6.696746,21,2304.756631
8.953513,28,2305.469785
4.552663,15,2305.857322
5.197578,15,2306.243971
7.121031,20,2306.773451
6.07471,18,2307.215026
7.481577,23,2307.798949
7.602371,23,2308.358044
5.863594,18,2308.814915
5.949881,19,2309.294306
6.033866,17,2309.725418
7.696451,24,2310.320047
7.826441,22,2310.881347
6.180551,20,2311.390672
6.167526,19,2311.867956
7.37649,26,2312.535604
2.564453,23,2313.106161
6.379973,19,2313.586457
6.671494,21,2314.110349
5.849392,19,2314.587514
6.151314,19,2315.053449
5.565558,18,2315.507981
6.882443,21,2316.033814
6.664906,19,2316.513944
6.756933,20,2317.028738
-31.186878,151,2322.326748
2.731719,21,2322.840843
7.191527,25,2323.469133
8.275701,23,2324.041364
-36.972581,151,2327.661977
6.617821,20,2328.148827
7.612821,22,2328.710438
6.865104,19,2329.189604
6.683952,20,2329.691184
6.469079,20,2330.194801
9.242659,29,2330.905736
6.080966,18,2331.362271
8.229448,27,2332.051546
7.659551,25,2332.671451
-33.129675,151,2336.391257
6.059647,18,2336.835708
7.825032,24,2337.43069
5.27988,15,2337.804127
7.101499,22,2338.340097
6.300152,20,2338.827447
7.208134,20,2339.31512
7.070462,20,2339.790307
6.16726,20,2340.307442
6.582418,19,2340.786634
6.0729,19,2341.252231
7.317778,23,2341.835285
8.120449,28,2342.520878
-34.629427,151,2346.191529
6.064221,18,2346.660146
5.521271,17,2347.078547
6.343239,20,2347.578022
4.86309,14,2347.926522
7.655225,21,2348.450447
6.53633,20,2348.923458
5.07511,17,2349.33976
7.511232,21,2349.850167
4.710321,15,2350.220685
5.274382,17,2350.62363
8.682767,26,2351.276591
7.017923,20,2351.792015
6.397137,21,2352.319317
7.791819,23,2352.891999
2.974721,25,2353.524658
6.848795,20,2354.012714
5.807395,18,2354.454492
5.964637,19,2354.90777
7.591581,24,2355.498776
6.266849,19,2355.979155
7.533319,22,2356.530208
8.526147,31,2357.312632
7.449066,21,2357.822575
-36.905986,151,2361.512679
5.75375,18,2361.970959
6.713819,21,2362.497375
6.14325,19,2362.990134
6.829923,21,2363.527586
8.024738,23,2364.127435
6.501267,22,2364.674755
7.196351,19,2365.154438
7.503701,22,2365.718838
6.238272,22,2366.281503
5.982073,17,2366.729213
6.814005,22,2367.279147
6.582882,20,2367.78151
6.678454,20,2368.271678
5.293657,17,2368.676805
6.090568,19,2369.141357
7.841386,24,2369.709986
6.752008,21,2370.225427
5.059452,17,2370.656884
2.555171,26,2371.294199
4.738801,16,2371.70141
6.239354,19,2372.191071
9.112162,35,2374.654455
7.835583,25,2375.283222
6.59695,18,2375.752192
7.704026,24,2376.359054
6.758287,20,2376.860511
6.687724,18,2377.318345
8.204755,24,2377.951423
6.408476,18,2378.396284
5.773706,17,2378.814182
5.774967,17,2379.244956
6.695103,22,2379.791728
7.898757,24,2380.399345
5.445848,17,2380.816214
4.995947,16,2381.211632
5.206327,16,2381.620668
6.156285,19,2382.110888
6.790731,23,2382.683447
6.28309,19,2383.160599
5.055578,15,2383.533341
7.907837,25,2384.163046
6.882593,19,2384.628369
6.008539,18,2385.069348
7.153468,20,2385.571212
5.702746,16,2385.980271
6.705921,20,2386.482008
8.224862,23,2387.066501
6.501187,19,2387.545267
6.640449,19,2388.010551
8.915598,28,2388.710534
8.357149,24,2389.305228
6.906318,21,2389.830688
2.727438,22,2390.379534
2.144015,20,2390.893422
9.976579,36,2391.805361
5.440229,19,2392.298041
5.70005,17,2392.731972
6.471923,19,2393.222876
7.249757,22,2393.783717
8.054579,23,2394.379538
4.635558,14,2394.742644
8.256027,24,2395.323359
6.934525,18,2395.766118
6.297553,20,2396.267377
8.183419,24,2396.859828
6.802491,18,2397.315921
6.135511,20,2397.831105
5.53438,17,2398.263491
7.783562,22,2398.825377
8.130182,23,2399.409168
7.739755,22,2399.982604
6.148481,18,2400.437139
6.430016,19,2400.929336
4.86384,14,2401.291422
5.729089,17,2401.723499
6.965553,23,2402.292655
5.985393,16,2402.70178
4.782835,16,2403.1105
7.202941,19,2403.589154
1.899959,20,2404.088372
7.612413,21,2404.623978
7.505285,21,2405.162904
6.368733,19,2405.653886
3.491261,26,2406.321121
6.064957,20,2406.837681
11.317338,40,2407.870062
7.722068,22,2408.44007
6.770757,19,2408.945455
7.397044,20,2409.462564
6.965356,24,2410.07742
5.666631,16,2410.473611
6.486785,19,2410.938267
7.054212,20,2411.455459
6.229566,18,2411.924242
6.031449,18,2412.379707
7.516358,23,2412.963935
5.721921,18,2413.434702
6.414254,18,2413.905263
8.043738,26,2414.561282
6.301286,19,2415.05273
8.672413,25,2415.69607
6.280407,19,2416.149762
5.67871,17,2416.569374
5.417679,16,2416.966853
6.511889,21,2417.478576
5.452608,17,2417.896116
8.175618,24,2418.475564
5.130353,17,2418.894365
7.428909,22,2419.455386
4.029541,13,2419.795415
7.484302,22,2420.354939
-28.377446,151,2424.00405
7.490953,22,2424.549574
9.601199,28,2425.234846
6.809353,21,2427.34155
5.465752,17,2427.788585
7.330036,21,2428.314544
6.384708,20,2428.844464
7.014483,20,2429.359241
8.443815,24,2429.967819
5.447202,18,2430.422886
7.863587,22,2430.982966
7.918158,23,2431.565811
6.106142,17,2431.998273
7.010295,21,2432.535322
4.42866,14,2432.898775
5.969374,17,2433.332584
2.463035,19,2433.83927
6.538,21,2434.376371
5.903967,18,2434.845599
6.249553,19,2435.323127
9.249401,30,2436.108485
6.573586,17,2436.527125
1.404225,17,2436.9585
5.000592,16,2437.368497
6.611426,18,2437.836863
5.966655,17,2438.284559
6.762435,18,2438.75422
7.891206,22,2439.31604
7.171134,19,2439.809556
6.961755,20,2440.31395
6.777517,20,2440.830676
6.136027,18,2441.299751
8.467518,24,2441.906897
6.854968,20,2442.422204
7.441825,22,2442.95872
7.010596,20,2443.47639
7.744708,21,2444.015285
6.330469,19,2444.492941
5.506648,16,2444.915947
8.150543,22,2445.450777
7.980748,24,2446.044738
6.000457,16,2446.467263
-29.379873,151,2450.264429
6.436145,17,2450.712567
7.291391,20,2451.217306
6.247718,19,2451.711068
3.667879,24,2452.306235
8.1469,24,2452.914555
7.112088,20,2453.431251
7.502166,21,2453.956636
6.10141,17,2454.388202
8.12187,21,2454.927679
6.926552,20,2455.457931
4.99223,16,2455.893259
7.679706,22,2456.462554
6.660856,19,2456.955435
6.466553,17,2457.402288
7.481887,22,2457.96347
6.884474,19,2458.442106
6.896946,20,2458.956459
6.738784,19,2459.433963
6.135836,17,2459.879332
5.47251,16,2460.302043
8.117332,27,2460.978238
7.598071,23,2461.563166
6.956473,18,2462.018744
6.457871,19,2462.497548
7.346109,22,2463.044696
5.912534,17,2463.475545
8.245631,25,2464.092096
8.158871,23,2464.674054
6.568666,19,2465.138782
6.855092,22,2465.712658
5.126414,16,2466.108188
5.310687,16,2466.518924
7.000127,20,2467.034071
7.857978,22,2467.594017
9.004666,28,2468.309404
8.00034,22,2468.845572
0.786543,17,2469.264384
5.407132,15,2469.648444
2.465842,20,2470.150879
9.720029,26,2470.801759
4.68425,15,2471.172557
6.053394,17,2471.602053
4.901015,15,2471.963502
6.404617,19,2472.453708
5.996334,17,2472.884998
6.302772,19,2473.362956
5.620485,16,2473.772447
6.745827,18,2474.227939
8.064979,23,2474.800434
6.158241,18,2475.257382
5.981065,19,2475.734821
5.184245,16,2476.13226
7.026828,20,2476.646005
4.383421,14,2477.007812
6.103174,19,2477.49923
5.741566,18,2477.941792
5.523065,16,2478.351402
5.894539,18,2478.820441
5.340262,15,2479.192406
6.427423,17,2481.245232
7.619302,19,2481.746671
8.125147,21,2482.286431
5.720846,18,2482.743087
5.885396,16,2483.153146
6.931412,19,2483.617754
6.210356,17,2484.038864
3.175736,23,2484.623019
7.700981,22,2485.183109
7.973849,26,2485.850999
9.326208,31,2486.646983
7.230891,21,2487.174227
8.731596,29,2487.926003
7.242261,20,2488.440432
5.475774,16,2488.850783
6.390779,19,2489.341927
5.728717,17,2489.775168
5.469648,17,2490.220172
8.121129,28,2490.932873
6.473744,19,2491.397891
6.714151,18,2491.852993
6.744689,19,2492.345174
5.640016,17,2492.777112
5.627098,16,2493.187164
10.374416,36,2494.111408
8.20892,22,2494.685435
7.039774,18,2495.154124
5.830895,16,2495.550121
1.179054,16,2495.974282
6.955345,18,2496.430769
5.99436,18,2496.885688
7.029791,20,2497.386868
5.00545,16,2497.809648
5.608741,16,2498.218495
7.544396,20,2498.734182
5.359762,15,2499.123156
6.92716,19,2499.617485
6.823142,20,2500.130098
6.299627,17,2500.576127
6.442527,19,2501.05601
7.286246,19,2501.549558
6.271328,17,2501.995246
4.693394,14,2502.357693
7.230971,19,2502.848339
6.221776,18,2503.316616
5.611266,16,2503.729386
6.729586,19,2504.226211
5.49686,15,2504.61677
6.283417,17,2505.049311
6.289132,19,2505.541931
6.153734,17,2505.961653
6.832389,21,2506.5003
1.602682,18,2506.957903
6.699942,18,2507.413351
4.118042,26,2508.082254
8.675857,25,2508.701532
2.337856,19,2509.194817
7.376552,20,2509.711247
6.879556,19,2510.191015
6.479025,18,2510.647511
8.640972,26,2511.327854
5.353279,18,2511.796665
6.257214,17,2512.241775
7.116014,19,2512.720711
7.131688,20,2513.235324
5.648761,18,2513.70332
5.387595,16,2514.125767
7.357726,19,2514.618143
8.737126,26,2515.285363
5.923519,17,2515.71886
6.244169,17,2516.151123
5.837444,18,2516.605519
6.436297,17,2517.028119
8.51782,23,2517.627229
5.782953,17,2518.061529
7.836134,21,2518.645678
6.449052,18,2519.089517
5.792159,17,2519.536605
2.548825,21,2520.06356
-26.886741,151,2523.81828
5.382963,17,2524.251988
6.868808,18,2524.722527
6.685876,20,2525.238124
-20.014095,151,2529.060024
5.724649,17,2529.496315
2.707621,22,2530.070814
7.149756,19,2530.537453
7.421611,21,2531.075934
6.570763,17,2531.521524
6.096585,17,2531.966519
6.608388,19,2532.443721
5.428714,17,2532.888535
5.356167,17,2533.322738
6.66388,20,2535.39703
5.323758,15,2535.782889
5.395115,16,2536.1926
5.591098,17,2536.625781
5.721299,18,2537.096184
6.831047,20,2537.61282
6.106564,17,2538.046943
7.252968,21,2538.588701
5.548511,15,2538.988369
6.264158,18,2539.457954
5.153577,16,2539.868052
5.877835,17,2540.303558
0.614886,17,2540.752633
7.107483,22,2541.302279
4.903557,15,2541.688533
7.066979,20,2542.215426
7.176543,21,2542.753256
6.636082,19,2543.244791
5.778812,16,2543.667759
5.651209,15,2544.052585
6.39054,18,2544.521482
5.941413,17,2544.968389
6.070012,17,2545.413565
5.023446,15,2545.811409
7.508584,21,2546.34772
5.946543,17,2546.791903
6.370644,18,2547.232914
7.588629,22,2547.768678
5.722595,17,2548.200294
7.529804,22,2548.748961
7.134606,21,2549.272433
6.156424,17,2549.690147
6.333106,18,2550.143423
6.509413,18,2550.599161
5.209762,15,2550.997978
5.964642,18,2551.467126
7.620381,22,2552.029071
3.132012,22,2552.609461
5.940476,19,2553.105536
5.198747,15,2553.494123
6.540304,18,2553.952338
6.687123,18,2554.409573
4.914898,16,2554.83385
5.622521,16,2555.256918
6.783284,20,2555.787266
5.933273,16,2556.183574
6.316254,18,2556.66768
6.752428,18,2557.124157
6.414003,19,2557.61664
6.807446,19,2558.095467
6.844143,21,2558.621817
7.426326,22,2559.18703
7.51133,20,2559.689125
7.963474,24,2560.325863
5.69721,17,2560.758704
1.892641,18,2561.214609
6.146405,17,2561.645681
7.772137,23,2562.232641
7.50943,22,2562.794573
6.176037,17,2563.228167
7.411236,21,2563.761146
7.43318,22,2564.310874
4.702442,14,2564.674641
6.287235,17,2565.107657
7.047398,24,2565.700471
7.495194,22,2566.24805
6.892756,19,2566.725083
8.358669,23,2567.33546
6.53919,19,2567.824469
6.874788,18,2568.278802
5.500167,16,2568.686538
6.668494,21,2569.208641
6.616843,19,2569.686308
6.452331,17,2570.130672
4.904325,15,2570.51685
6.7568,20,2571.044582
7.271982,21,2571.582615
5.872624,17,2572.001778
7.663629,22,2572.561297
5.689337,17,2573.00692
5.448543,15,2573.380036
7.574687,21,2573.919364
7.801649,22,2574.479817
6.617574,17,2574.924208
6.993762,20,2575.424367
6.025033,19,2575.915593
5.805729,17,2576.34715
4.828202,14,2576.69616
7.604306,20,2577.209497
7.162825,22,2577.796997
7.323047,21,2578.320467
6.066526,18,2578.775421
6.854003,22,2579.34819
8.698868,27,2580.024579
7.286077,22,2580.5717
4.762901,15,2580.957432
6.568539,18,2581.425767
5.742787,18,2581.895777
7.340913,21,2582.439392
8.561198,27,2583.12985
5.354346,17,2583.576411
7.61924,23,2584.178029
6.197433,16,2584.601233
5.428405,16,2584.996674
5.196074,16,2585.391905
4.762497,15,2585.792515
5.150577,15,2586.165179
-28.530317,151,2591.551543
6.840676,18,2592.0111
6.859446,19,2592.503918
6.307689,17,2592.949013
-27.515571,151,2596.724445
5.579811,18,2597.194319
5.321438,16,2597.615642
4.711447,14,2597.965711
5.420914,16,2598.375458
8.244301,22,2598.951435
6.737636,18,2599.406616
7.955207,23,2599.991942
7.248308,20,2600.507879
6.66002,20,2601.016562
7.033873,20,2601.53307
8.485429,25,2602.163338
8.28315,25,2602.788565
5.895481,19,2603.266477
7.652176,23,2603.820886
5.241308,16,2604.216165
6.101714,18,2604.64623
7.304,21,2605.156947
5.672274,17,2605.575554
5.79636,18,2606.017468
7.696726,23,2606.603588
6.318133,19,2607.094402
2.535557,22,2607.657483
6.97653,18,2608.127733
5.83241,17,2608.574435
5.69293,16,2608.997496
7.624097,21,2609.537633
6.686467,19,2610.017554
6.247739,18,2610.487614
5.118908,15,2610.87364
6.523272,19,2611.366371
7.052164,21,2611.903194
8.332625,25,2612.535526
4.970284,15,2612.936733
7.846917,22,2613.510646
5.836149,17,2613.930553
8.028095,25,2614.575034
6.128231,18,2615.044326
5.984791,18,2615.512185
6.64135,19,2616.005032
6.144492,17,2616.453057
6.161157,18,2616.908978
5.356539,17,2617.327222
8.415343,22,2617.900124
2.003427,19,2618.392523
7.344365,21,2618.93109
5.627977,18,2619.399882
6.288195,18,2619.869061
6.181575,19,2620.360592
6.14243,19,2620.840249
4.514977,14,2621.216223
4.592657,14,2621.579997
7.917748,26,2622.246341
7.223805,19,2622.738447
5.184646,15,2623.123625
5.987293,18,2623.579061
6.359226,19,2624.072004
6.324965,19,2624.54965
2.290868,19,2625.027485
4.295035,13,2625.340009
6.758249,20,2625.827243
5.960618,16,2626.220248
7.850594,22,2626.753407
7.741126,23,2627.329048
7.743694,23,2627.897411
7.904911,20,2628.395069
10.060458,31,2629.201944
5.296818,17,2629.621636
6.54591,19,2630.111462
5.348338,15,2630.510745
6.641164,18,2630.964487
7.12931,22,2631.526194
5.75062,18,2631.981495
6.36531,19,2632.472692
5.9927,18,2632.942347
7.288676,20,2633.469604
8.319468,23,2634.052548
5.312636,16,2634.447561
6.864044,20,2634.976694
8.136055,26,2635.648441
7.00844,19,2636.129106
6.477351,18,2636.586109
6.257888,17,2637.01929
1.472127,19,2637.49756
5.979919,16,2637.921345
7.499461,21,2638.462445
6.232091,18,2638.933424
7.815832,21,2639.472376
7.384691,21,2640.012269
6.587663,18,2640.482482
7.312324,21,2641.023828
6.530703,18,2643.097385
6.675403,20,2643.612342
4.68367,14,2643.962821
6.475312,18,2644.44625
6.58624,18,2644.931151
5.178989,16,2645.344588
7.194064,19,2645.839872
6.714367,19,2646.333196
1.784634,19,2646.834715
6.353263,18,2647.304059
5.436327,17,2647.752164
6.475933,19,2648.234034
7.588606,22,2648.827699
6.748994,18,2649.299847
6.23445,17,2649.731236
6.651919,18,2650.190316
6.314273,17,2650.61084
6.778129,19,2651.103826
5.99757,17,2651.522902
6.796896,19,2652.015412
7.43487,20,2652.532151
5.951521,17,2652.979373
7.936702,24,2653.588979
5.89768,16,2654.017846
7.91612,24,2654.615927
7.290396,20,2655.131432
6.682111,18,2655.600608
1.582797,18,2656.057961
4.131006,13,2656.411306
6.021827,17,2656.84478
2.535428,20,2657.359531
6.108795,17,2657.79169
6.211042,19,2658.287797
6.094029,17,2658.735105
7.418879,23,2659.319395
5.721074,17,2659.765666
6.418369,20,2660.294051
6.826974,18,2660.75088
6.779359,20,2661.253318
6.59349,17,2661.699017
5.783443,16,2662.110864
6.451603,18,2662.57918
6.47184,19,2663.056825
6.628128,18,2663.512246
4.957609,16,2663.895618
7.300821,21,2664.447448
6.98568,20,2664.949156
7.287824,21,2665.487403
6.315673,18,2665.928478
8.009974,22,2666.490526
2.651134,22,2667.054189
6.205026,19,2667.545627
3.845874,13,2667.886442
7.401094,21,2668.448407
5.780377,18,2668.917207
8.494779,24,2669.537322
6.489451,19,2670.030586
6.156063,18,2670.498503
7.124681,19,2670.991191
5.471075,16,2671.399679
5.00396,15,2671.785971
5.286227,15,2672.172822
6.428774,19,2672.650892
7.061453,22,2673.200741
7.134031,20,2673.705382
5.97598,17,2674.15285
7.57883,23,2674.751726
5.340692,17,2675.186305
6.185107,17,2675.632827
6.421735,18,2676.103349
6.582818,18,2676.573591
6.8467,19,2677.067283
4.640981,14,2677.418154
6.272662,17,2677.865881
6.422082,17,2678.311985
8.075142,23,2678.896429
7.247068,20,2679.427382
5.903219,17,2679.873634
5.234198,15,2680.257777
6.478142,17,2680.677564
5.728232,17,2681.124594
7.949306,22,2681.68749
7.620654,19,2682.165465
8.165849,25,2682.799476
6.116207,17,2683.245204
7.48909,21,2683.770741
7.275377,20,2684.288348
7.044178,20,2684.805214
6.041251,18,2685.272187
6.471899,19,2685.763144
1.802393,19,2686.256008
5.807642,19,2686.748988
5.701839,18,2687.218397
6.688748,19,2687.709355
6.09776,18,2688.189475
7.137953,19,2688.68301
7.973051,25,2689.315645
8.001205,21,2689.868317
5.329117,16,2690.291014
2.087788,20,2690.795116
6.993234,20,2691.297624
1.633343,18,2691.769128
6.102848,18,2692.237194
6.925685,19,2692.719629
5.73366,18,2693.189248
6.271241,18,2693.658668
7.199797,23,2694.246175
7.243915,22,2694.808722
6.68963,18,2695.276853
5.982093,18,2697.458002
6.864667,19,2697.944148
6.968023,20,2698.46559
7.609731,21,2699.003303
5.185087,17,2699.449657
6.195471,17,2699.898459
6.149874,18,2700.35466
6.384654,18,2700.824612
5.463129,16,2701.233496
6.058967,17,2701.667426
7.783933,21,2702.22148
7.586853,23,2702.807833
5.63139,16,2703.22045
8.503782,25,2703.858811
7.724523,25,2704.492501
6.477931,20,2704.995464
5.495882,17,2705.429071
4.195284,26,2706.085972
6.717643,19,2706.55271
6.109108,17,2706.973717
7.87004,24,2707.598294
7.131096,21,2708.135548
7.67425,23,2708.720215
7.526426,19,2709.200864
-27.189589,151,2713.030033
7.084693,20,2713.535768
6.485786,20,2714.052337
6.459877,18,2714.520962
6.806065,20,2715.038045
4.498832,14,2715.415578
5.98698,17,2715.850261
6.073135,18,2716.321254
6.890214,23,2716.920183
7.90406,24,2717.516244
5.703736,17,2717.978491
5.7535,17,2718.414307
6.607131,19,2718.909613
7.028446,21,2719.450056
6.194553,17,2719.897889
6.91765,19,2720.38079
6.775607,19,2720.875669
1.893729,20,2721.394606
6.237462,17,2721.828843
7.889476,23,2722.402934
6.440206,19,2722.885211
6.646894,19,2723.349874
5.570591,16,2723.761075
8.817905,24,2724.357467
7.953514,26,2725.015349
8.189308,22,2725.591682
9.435389,28,2726.293678
5.753108,17,2726.727594
10.79546,41,2727.762512
6.443595,17,2728.185338
7.475981,19,2728.666341
6.520922,19,2729.147565
5.500989,17,2729.58464
6.973882,18,2730.042292
7.129881,21,2730.569026
5.102387,16,2730.980099
5.754771,18,2731.451022
5.490154,16,2731.848809
7.133996,21,2732.388178
6.825392,20,2732.892747
5.716928,18,2733.352071
6.959061,19,2733.832789
5.997985,17,2734.280507
7.482956,22,2734.831077
8.181067,24,2735.440047
5.064947,15,2735.828393
5.4647,16,2736.237945
2.092012,22,2736.787155
3.259489,22,2737.336884
6.006189,18,2737.79474
6.571549,20,2738.3005
6.249584,19,2738.781299
6.102365,18,2739.240013
2.716518,23,2739.814987
-33.947875,151,2743.590936
8.478951,24,2744.21621
7.841136,23,2744.831728
6.418812,19,2745.312066
7.681315,21,2745.853156
5.620736,16,2746.263818
8.258566,24,2746.887244
6.684657,18,2747.344349
7.086899,22,2747.909018
6.75893,20,2748.438217
8.187871,21,2748.97724
6.859494,19,2749.470843
5.823017,18,2751.55768
6.678535,19,2752.052597
4.916879,16,2752.463718
6.677726,20,2752.99503
7.383561,22,2753.546186
9.028881,29,2754.269054
7.098618,22,2754.833386
7.589851,21,2755.359783
7.120246,21,2755.872115
7.206232,21,2756.39798
5.763423,17,2756.83272
6.366206,19,2757.310867
4.487149,14,2757.660346
5.417115,18,2758.115821
4.769219,15,2758.488638
8.196569,23,2759.074872
5.233824,16,2759.485346
6.516371,20,2759.988923
6.122269,18,2760.445917
6.229046,19,2760.925464
7.414595,21,2761.454226
9.261875,29,2762.168038
7.381408,19,2762.648568
7.736827,23,2763.23062
6.60898,20,2763.735996
7.06818,20,2764.23984
5.562555,16,2764.638291
6.356728,20,2765.128343
5.369506,17,2765.563143
8.296236,25,2766.185187
6.738413,20,2766.689067
1.747825,19,2767.169916
8.136014,25,2767.788951
5.47484,17,2768.234251
5.549401,17,2768.682282
6.592369,19,2769.174765
5.706383,19,2769.643398
7.797748,24,2770.280092
7.424483,21,2770.804958
-32.498399,151,2774.530044
7.651531,22,2775.095075
-28.100075,151,2778.860443
5.926863,17,2779.307443
7.510348,21,2779.831447
6.393833,17,2780.278083
9.303404,29,2781.013981
7.155575,20,2781.543584
8.368828,24,2782.152535
7.459764,21,2782.692889
8.829964,26,2783.347987
7.029892,21,2783.875827
6.799898,21,2784.412713
6.958966,19,2784.905155
5.604721,17,2785.351957
6.450919,19,2785.84681
6.676891,18,2786.303694
-30.241957,151,2790.090356
5.807202,19,2790.582958
6.552074,19,2791.077297
7.133366,19,2791.558006
5.959725,18,2792.015755
9.299719,31,2792.806386
-29.142737,151,2796.551026
7.246297,21,2797.09327
6.018648,18,2797.563633
5.547405,16,2797.974349
7.898068,21,2798.488847
3.42349,23,2799.093264
6.161807,17,2799.54073
7.612989,23,2800.139354
5.644374,18,2800.595766
-33.150972,151,2805.930998
8.238007,22,2806.482364
8.95045,27,2807.162529
8.201662,25,2807.805787
7.218943,20,2808.320424
6.263409,17,2808.767579
6.333339,19,2809.258744
6.592649,18,2809.714575
6.733523,20,2810.233477
7.803453,23,2810.833901
6.166072,18,2811.28943
7.336108,21,2811.828948
5.913155,18,2812.283666
5.692604,16,2812.706171
6.835704,21,2813.245443
5.862362,18,2813.716312
7.026279,20,2814.234468
6.807536,18,2814.705935
2.987907,23,2815.279004
6.16269,17,2815.728179
6.528603,20,2816.245699
5.463417,16,2816.655804
7.880889,22,2817.219831
6.767654,20,2817.750175
5.973372,18,2818.206934
4.771026,14,2818.558423
6.557577,18,2819.027828
7.66107,20,2819.545528
6.00115,18,2820.015656
7.56304,20,2820.520745
6.301186,18,2820.991386
6.239539,22,2821.554058
7.523584,23,2822.141756
6.888025,20,2822.658141
5.919878,16,2823.082216
5.869079,17,2823.530765
5.435078,17,2823.980745
6.813233,19,2824.461391
6.472445,20,2824.978919
5.640792,16,2825.365209
7.050624,19,2825.858347
5.909106,16,2826.28194
6.498415,18,2826.752775
6.685725,18,2827.222627
5.82698,17,2827.655661
6.280913,18,2828.13965
7.514063,21,2828.678648
5.570269,16,2829.075526
7.201413,22,2829.635505
4.334803,14,2829.987534
7.757947,23,2830.586963
5.516592,17,2831.019984
7.206667,22,2831.593258
7.460304,22,2832.153531
5.255935,16,2832.562919
8.585041,23,2833.14896
6.703647,20,2833.664385
4.324938,14,2834.013811
6.482683,18,2834.483653
6.20306,17,2834.916414
4.14327,26,2835.582788
6.269706,19,2836.062595
6.439672,19,2836.543317
5.22006,15,2836.944743
6.565122,20,2837.461983
7.392854,22,2838.024947
6.423935,18,2838.496234
7.637562,22,2839.057936
5.918964,18,2839.512861
5.987863,18,2839.983188
2.730591,21,2840.539521
5.39218,16,2840.955179
7.191683,21,2841.497074
5.920693,17,2841.945829
8.239687,26,2842.616117
7.873094,21,2843.157076
5.95967,18,2843.627642
7.631477,21,2844.154478
5.360713,17,2844.602408
7.048704,19,2845.096939
4.327197,14,2845.447765
7.134514,20,2845.965618
6.053892,17,2846.413752
6.62226,19,2846.893641
5.859874,17,2847.342095
7.873431,21,2847.883917
6.476057,18,2848.343435
7.393728,22,2848.905242
1.531911,18,2849.366543
6.155253,19,2849.863615
5.035554,15,2850.266943
6.473761,18,2850.724984
3.06825,22,2851.288809
6.168557,18,2851.748464
8.637562,26,2852.418239
8.069689,26,2853.075211
7.815306,23,2853.674634
6.076088,18,2854.145729
6.974938,21,2854.660077
4.912439,15,2855.035065
7.479743,21,2855.574236
2.227012,20,2856.078679
6.743486,19,2856.557089
6.672022,18,2857.038137
6.27656,19,2859.137926
2.158021,19,2859.631958
2.625303,22,2860.181743
6.087939,18,2860.650864
5.547658,17,2861.099165
7.156562,19,2861.592233
6.497686,20,2862.107023
6.517262,18,2862.577
5.740558,17,2863.022594
6.332107,17,2863.469742
5.621479,17,2863.917777
7.533754,21,2864.458769
7.782418,21,2864.999045
6.601443,19,2865.491904
5.621639,16,2865.916736
6.534636,18,2866.387312
5.853501,19,2866.879974
4.647319,15,2867.282922
6.228259,17,2867.717684
5.899186,16,2868.130879
6.591429,18,2868.602358
7.09167,20,2869.119981
5.359561,16,2869.545615
6.588882,18,2870.003736
5.679371,16,2870.428959
7.344313,21,2870.969142
6.136501,17,2871.405412
6.266929,18,2871.875574
7.815339,22,2872.438973
4.581033,14,2872.817447
6.669135,19,2873.311016
6.838782,18,2873.783385
10.126091,31,2874.586194
2.1637,21,2875.12824
7.121141,20,2875.643794
6.715118,19,2876.126683
5.435599,16,2876.548258
5.991937,17,2876.996009
6.211497,19,2877.516928
5.238781,15,2877.890868
6.975054,19,2878.38403
5.785432,17,2878.833488
6.469252,19,2879.333229
7.931852,22,2879.883849
8.698593,22,2880.464214
6.62713,18,2880.935027
6.609085,20,2881.466249
7.370466,21,2882.010497
6.116512,17,2882.457047
7.639807,23,2883.042604
6.580458,19,2883.520868
6.815151,19,2883.999248
7.043846,19,2884.491381
6.207058,17,2884.926759
7.818856,22,2885.473768
6.106253,18,2885.943565
5.582695,16,2886.367106
6.665122,18,2886.824804
6.296115,18,2887.278513
7.229312,21,2887.817237
4.635663,15,2888.201374
5.210897,15,2888.614632
6.320797,18,2889.086773
2.476817,19,2889.580668
7.943082,25,2890.213413
6.398669,17,2890.660179
6.39405,18,2891.129652
0.90267,18,2891.597917
6.790065,21,2892.151004
7.502921,22,2892.714917
6.232845,18,2893.185344
5.983988,17,2893.615769
5.599695,16,2894.024837
7.58876,22,2894.585781
5.444885,17,2895.019506
5.209685,15,2895.405817
6.18547,18,2895.874294
1.807748,19,2896.353213
7.779447,21,2896.908749
6.851348,19,2897.392253
6.543391,18,2897.848348
3.443864,23,2898.445267
6.689143,21,2898.983355
7.269669,21,2899.522802
8.119899,24,2900.13269
6.355456,17,2900.577809
1.762671,18,2901.0313
7.046908,20,2901.545401
5.673373,16,2901.966959
8.351155,24,2902.585494
1.135225,17,2903.030703
5.845992,16,2903.440202
6.742158,19,2903.921553
6.940858,17,2904.353812
6.178299,17,2904.785267
6.746711,18,2905.241492
6.962353,19,2905.720522
2.119512,19,2906.198671
6.309614,19,2906.690002
6.088118,17,2907.123056
6.782084,20,2907.640759
6.987828,20,2908.156609
6.932287,20,2908.672158
6.79445,18,2909.142448
7.052723,19,2909.64658
5.337033,16,2910.043172
6.256142,19,2910.534001
6.847092,19,2911.013868
6.164666,16,2911.437381
5.944963,17,2913.409549
5.019347,15,2913.797297
2.331911,20,2914.301572
7.029132,21,2914.852343
5.779972,17,2915.298613
6.295912,19,2915.764193
6.642399,19,2916.271908
7.320464,22,2916.845778
6.893657,19,2917.338403
8.110376,25,2917.985492
7.313008,23,2918.571532
8.898924,29,2919.320435
7.131256,22,2919.882529
6.286298,17,2920.314204
2.120308,20,2920.801409
5.773683,17,2921.232568
6.869601,18,2921.676127
7.003899,20,2922.179723
4.846939,15,2922.563783
6.766941,19,2923.055508
6.987492,21,2923.594036
3.694379,27,2924.28345
7.523227,21,2924.810494
0.383309,16,2925.220444
6.570166,18,2925.675645
9.895289,31,2926.471393
7.776738,22,2927.031104
6.430082,20,2927.531232
9.573575,29,2928.267077
7.36419,21,2928.817683
6.585472,19,2929.308466
7.425617,22,2929.853755
7.191668,20,2930.366796
5.792573,19,2930.86135
2.450109,18,2931.314823
1.821868,19,2931.794177
5.26266,16,2932.204567
5.967981,17,2932.622618
5.749883,18,2933.078562
5.53006,15,2933.438624
6.165333,20,2933.929622
6.600445,19,2934.410849
5.715862,16,2934.805701
4.684793,14,2935.182319
6.802662,20,2935.684221
7.456346,23,2936.27658
7.810538,22,2936.861602
5.577116,17,2937.286923
7.704475,24,2937.898678
6.675816,21,2938.439057
6.712124,18,2938.88314
6.537259,18,2939.340044
7.301424,19,2939.822259
6.286677,20,2940.326589
7.918982,21,2940.84128
8.041729,20,2941.344271
6.681936,18,2941.816005
1.474036,17,2942.252945
7.79455,21,2942.809937
7.205518,24,2943.434753
7.497273,21,2943.976669
7.046987,19,2944.470657
6.329203,20,2944.988196
7.043803,21,2945.530213
4.98844,15,2945.918266
7.451622,22,2946.48274
6.169428,16,2946.894213
5.585391,16,2947.320421
8.243601,23,2947.909405
8.912043,28,2948.624529
6.465015,19,2949.118866
7.265457,20,2949.639707
6.37488,19,2950.133605
6.28697,17,2950.565932
6.538286,21,2951.118261
5.390473,16,2951.52677
6.0076,18,2951.996048
6.24818,17,2952.431197
6.602142,21,2952.971233
9.241489,26,2953.638288
7.202225,19,2954.132508
6.315203,18,2954.589494
6.597003,18,2955.059998
5.436221,15,2955.461095
6.700258,18,2955.932062
5.716684,17,2956.378487
6.392687,18,2956.822145
5.651289,17,2957.264296
5.810295,17,2957.700895
6.451024,19,2958.197325
-32.054057,151,2962.03306
7.7539,21,2962.575266
6.49995,18,2963.047568
7.092056,20,2963.564793
1.063843,17,2964.01419
6.759213,19,2964.509914
2.135569,19,2964.992133
4.496534,28,2965.708782
2.345341,20,2967.875146
5.913722,20,2968.394905
9.329488,26,2969.055027
8.447418,25,2969.688537
5.120454,16,2970.087023
7.936911,26,2970.758522
7.256036,20,2971.277331
6.06065,19,2971.75925
5.883511,19,2972.267186
5.92663,16,2972.690649
5.008516,15,2973.077127
7.234833,22,2973.642092
7.145494,20,2974.160043
7.078326,20,2974.676643
7.645781,21,2975.215672
6.262787,18,2975.669888
5.707864,17,2976.101477
6.613759,19,2976.58006
6.082779,18,2977.049067
6.168632,18,2977.504967
6.069433,18,2977.947673
7.78298,23,2978.546247
6.703228,19,2979.013749
4.49591,14,2979.378293
7.045446,20,2979.882932
6.252004,19,2980.378319
5.939073,18,2980.834437
6.615254,19,2981.314274
6.119332,18,2981.784971
4.756538,15,2982.185349
6.376954,20,2982.687904
5.130867,16,2983.111141
7.493378,20,2983.627395
5.034896,16,2984.038179
2.741585,23,2984.639457
8.832507,26,2985.297621
5.246027,16,2985.722682
8.086759,19,2986.216888
7.264696,21,2986.757659
5.960558,18,2987.228506
6.858332,20,2987.747668
8.653653,24,2988.369786
6.273015,19,2988.864206
6.362141,20,2989.382707
5.556203,17,2989.817786
6.175768,17,2990.238273
5.168811,15,2990.631199
7.204355,22,2991.194977
6.735702,20,2991.712569
6.992061,22,2992.278247
6.67593,19,2992.773797
8.507378,24,2993.394957
5.849784,16,2993.821058
6.891057,19,2994.302727
6.709299,20,2994.806056
4.31456,15,2995.193946
7.786974,23,2995.782284
8.022927,24,2996.418355
6.445102,19,2996.888949
7.045733,18,2997.360552
6.46368,20,2997.864772
7.160093,20,2998.3557
8.746264,29,2999.068975
6.763262,19,2999.537507
7.706568,22,3000.087033
6.202585,18,3000.540451
5.667926,18,3000.993194
5.419562,15,3001.366117
7.925861,21,3001.877786
7.508342,20,3002.391079
5.990367,17,3002.839692
6.253019,18,3003.283855
6.487834,20,3003.811284
4.774997,17,3004.230651
6.451545,19,3004.71099
7.483677,23,3005.322541
4.530951,14,3005.67326
2.400554,20,3006.189651
-30.432972,151,3009.99162
6.210034,17,3010.439924
6.360162,21,3010.981091
5.354171,16,3011.404198
6.984895,19,3011.896641
5.986219,18,3012.369204
6.092014,18,3012.839026
1.428472,18,3013.295533
6.684921,18,3013.752995
8.06731,23,3014.339952
7.431308,24,3014.948475
5.664467,16,3015.373144
6.177694,17,3015.820744
5.571919,16,3016.231074
6.878621,19,3016.711907
2.865839,22,3017.291589
5.589707,18,3017.735402
6.981216,20,3018.240424
6.248783,17,3018.674308
6.216365,18,3019.146343
7.275587,22,3019.709575
2.070759,21,3021.833788
7.754216,23,3022.407185
6.977925,20,3022.911674
-32.956723,151,3026.617268
7.799438,22,3027.192121
6.615141,20,3027.709416
9.390836,29,3028.432976
6.858899,22,3029.009166
6.182076,17,3029.456386
8.240536,24,3030.065671
7.242079,20,3030.566922
5.547323,17,3031.000714
4.440962,14,3031.353035
6.762736,20,3031.85592
4.214624,14,3032.223397
6.631426,19,3032.715115
5.324915,16,3033.106958
6.767556,19,3033.591095
8.2913,25,3034.234216
5.624558,16,3034.642652
5.682931,16,3035.051057
7.624025,21,3035.589221
1.981604,21,3036.126829
7.38463,22,3036.688039
8.826426,30,3037.461753
7.016185,22,3038.011441
7.222649,21,3038.536458
6.459549,17,3038.969471
6.829494,20,3039.472365
-30.431678,151,3043.251719
6.13158,18,3043.709324
6.168933,17,3044.142137
7.383225,21,3044.680497
6.36619,20,3045.195316
5.851327,18,3045.666374
7.21972,22,3046.216278
7.434314,20,3046.718265
10.026096,33,3047.559095
5.583088,16,3047.968697
6.731886,22,3048.503021
7.046621,19,3048.967816
7.310711,21,3049.490939
6.628655,19,3049.956468
10.184817,32,3050.720932
7.081807,20,3051.206062
7.158792,19,3051.684393
6.935638,19,3052.164882
6.972898,21,3052.693405
4.030719,14,3053.072753
6.498195,19,3053.59641
5.001159,16,3054.007269
4.836328,17,3054.443896
4.857885,17,3054.880959
4.107553,13,3055.222661
6.274894,19,3055.70412
-38.00513,151,3059.494586
5.679825,18,3059.941288
7.952235,24,3060.550063
1.154015,17,3060.98429
6.002845,19,3061.450648
9.496774,32,3062.247388
6.608832,20,3062.753983
6.112844,18,3063.211839
4.989443,16,3063.635189
7.008677,21,3064.176543
4.936555,15,3064.646093
5.596154,16,3065.055195
7.284216,22,3065.60288
7.714019,24,3066.225226
7.185121,19,3066.704582
6.845516,20,3067.219959
6.624894,18,3067.665617
8.11092,25,3068.285746
8.036701,25,3068.931583
6.457634,20,3069.446688
7.316379,21,3069.972836
6.609647,18,3070.427763
6.388905,20,3070.920965
5.530849,17,3071.342208
5.127844,17,3071.764644
6.102683,18,3072.210737
5.360571,17,3072.629408
7.396999,23,3073.201567
7.450909,21,3075.277693
5.313605,17,3075.710716
-30.972405,151,3079.396566
7.624874,25,3080.030515
6.463376,19,3080.524023
-31.923793,151,3084.28049
5.791667,17,3084.714106
9.546144,32,3085.508794
7.221388,23,3086.083441
2.297427,21,3086.602713
8.187007,26,3087.248898
6.732639,21,3087.77791
6.81693,21,3088.293166
5.877878,19,3088.779081
7.512736,23,3089.367615
7.142606,19,3089.849755
6.854191,22,3090.403014
7.590466,22,3090.942703
4.637478,14,3091.308541
7.514174,23,3091.870292
6.645352,18,3092.314505
5.366012,18,3092.748728
5.676057,18,3093.194315
8.070963,27,3093.877752
5.737349,17,3094.301789
7.359875,23,3094.927724
2.255481,21,3095.556377
-31.508953,151,3101.676702
6.500571,19,3102.46077
2.564506,20,3103.236722
5.661783,17,3103.799507
6.995546,21,3104.312263
7.241649,21,3104.83647
6.726551,20,3105.354131
6.507234,19,3105.862221
7.277596,22,3106.409885
6.351562,20,3106.912108
6.834928,19,3107.39235
6.218422,21,3107.917099
7.52219,23,3108.484927
7.573454,22,3109.045415
8.178958,28,3109.741337
6.791294,20,3110.243819
-36.336898,151,3114.013659
-30.120872,151,3118.880311
-29.215383,151,3122.548283
8.211692,23,3123.116127
8.266283,27,3123.807711
7.764034,23,3124.538415
6.955051,21,3125.567882
8.326297,27,3126.335766
5.899297,18,3126.979525
5.972257,18,3127.420761
8.307544,27,3128.112753
-32.06452,151,3135.781346
6.762829,19,3136.52875
7.633629,23,3137.396609
7.40355,25,3138.209905
6.654943,22,3138.744106
8.793843,27,3139.39723
-36.257874,151,3142.946556
-30.49614,151,3146.53575
6.879735,19,3147.004481
6.659156,18,3147.445781
5.098402,15,3147.829817
6.711093,20,3148.499279
6.233515,20,3149.351657
7.425268,26,3150.187539
7.145569,20,3151.027268
8.592182,26,3151.754122
5.626023,16,3152.149829
6.26933,20,3152.635136
6.051074,20,3153.133071
6.276267,18,3153.574363
-31.347395,151,3157.230913
-33.959781,151,3161.067484
8.145073,24,3162.291799
-33.994022,151,3167.704641
4.902319,16,3168.089259
9.069777,32,3168.880119
-35.340252,151,3173.244224
6.17649,18,3173.709467
5.502254,17,3174.133053
4.361128,14,3174.484478
7.474779,24,3175.090115
7.064153,23,3175.651253
5.261452,18,3176.082672
8.867674,27,3176.727782
3.504662,26,3177.486218
5.268603,17,3178.232574
6.157136,17,3178.74629
1.285183,18,3179.204534
8.197281,24,3179.808805
7.095287,23,3180.523026
6.843018,20,3181.239291
7.658135,24,3182.198744
7.99343,25,3182.851317
5.911588,17,3183.379232
7.983773,25,3184.614247
7.291234,24,3185.412797
6.253936,21,3186.314084
7.389909,22,3187.227732
-36.933117,151,3192.288696
5.231629,16,3192.912214
7.452087,22,3193.822679
1.759407,19,3194.506365
7.182906,20,3195.019506
