#{"t_start": 1770780839.4347494, "env_id": "highway-v0"}
r,l,t
24.997984,30,7.272572
74.527172,100,31.545439
1.02633,2,32.0403
2.4,4,33.010726
74.33748,100,57.531081
11.047311,13,60.764879
69.575123,100,84.681403
10.066667,11,87.317024
3.648336,5,88.481277
3.98097,5,89.650712
5.042321,6,91.051946
4.650993,6,92.530673
73.831923,100,116.347289
61.800707,100,139.584608
7.482633,9,141.642619
5.684737,7,143.235045
29.939515,39,152.303517
72.0694,100,176.069962
77.935328,100,200.048934
74.433386,100,223.384081
17.074254,100,246.412584
59.307868,76,264.267394
5.945726,7,265.874999
5.770615,7,267.523795
74.328271,100,290.730728
13.450572,19,295.218583
13.73753,18,299.5134
26.38162,33,307.151531
54.227988,68,322.886966
8.600284,11,325.394815
24.2048,100,348.361953
69.431254,100,371.139683
22.044444,100,393.971753
40.110255,100,416.882746
76.399865,100,439.444334
6.980715,8,441.249827
13.048444,15,444.649944
55.214807,66,459.698509
5.339769,7,461.276844
7.814074,9,463.308643
28.800836,36,471.345865
5.761744,7,472.906639
18.826982,21,477.831528
76.203162,100,508.879802
11.184154,14,512.202535
6.11424,9,514.347753
72.350483,100,538.241534
19.851972,23,543.58075
61.426449,78,561.87429
22.510867,28,568.485436
12.195679,14,571.749091
67.221565,100,595.392273
16.591464,21,600.44866
2.977778,4,601.427703
76.16575,100,624.668802
1.142433,2,625.150474
80.258022,100,648.581867
4.904127,7,650.230762
22.477939,25,655.983598
74.514804,100,679.546682
9.350663,11,682.087554
10.943497,13,685.28519
76.460749,100,708.686815
6.456354,8,710.620183
72.438158,100,733.821802
3.155556,4,734.81182
69.6239,100,758.118492
71.037255,100,781.528106
72.549177,100,804.239064
77.080699,100,827.402498
8.773228,10,829.673058
66.881095,83,849.029822
36.025565,100,871.988498
71.718772,100,895.082151
72.138164,100,919.216268
67.095247,100,942.433196
1.183431,2,942.929464
10.79139,12,945.660839
6.010866,8,947.477229
14.104698,18,951.707766
18.681349,23,957.032387
69.85949,100,988.335556
5.526371,8,990.234932
76.733677,100,1013.742589
82.6695,100,1036.883017
71.183937,100,1060.133736
75.600981,100,1083.14649
80.523747,100,1106.247078
83.631371,100,1129.780275
78.524693,100,1153.039888
79.656878,100,1176.968167
67.296838,100,1200.418463
77.645088,100,1223.859074
72.7324,100,1246.94909
76.532799,100,1269.997611
75.204979,92,1291.489434
75.912423,100,1315.08866
77.594403,100,1338.723012
5.651681,7,1340.398056
1.03653,2,1340.907334
76.270976,100,1364.585106
73.966658,100,1388.209227
79.603379,100,1411.401926
44.000089,100,1434.297808
13.679188,17,1438.326514
10.678652,12,1441.087347
80.153235,100,1472.510211
82.009737,100,1495.504454
74.492172,100,1518.790498
76.590467,100,1542.196334
79.583554,100,1565.226883
75.04675,100,1588.783869
80.580835,100,1612.461697
76.59656,100,1636.242098
74.869877,100,1659.782804
79.373653,100,1683.146385
74.356695,100,1706.728826
79.773152,100,1730.191762
75.718873,100,1753.638005
80.20474,100,1776.719278
81.543018,100,1799.793617
80.129434,100,1822.709997
73.395116,100,1845.517142
76.621171,100,1868.436834
74.102682,100,1891.558313
4.98424,6,1892.983838
74.609294,100,1916.216098
76.859845,100,1947.931415
4.833345,6,1949.280286
83.367297,100,1971.977817
82.879542,100,1995.309613
75.26245,100,2019.056329
78.9177,100,2042.871795
71.310634,100,2066.154147
79.546794,100,2089.366138
78.786792,100,2112.602345
79.225171,100,2135.671965
73.691429,100,2159.031481
71.399017,100,2182.691005
79.392201,100,2206.386919
76.215244,100,2229.909946
4.066667,5,2231.069102
71.326714,100,2253.712695
74.84768,100,2276.546307
76.014395,100,2299.655771
72.995111,100,2322.529915
74.235346,100,2345.8052
75.681129,100,2368.355403
72.160488,100,2391.62368
74.671421,100,2415.19468
71.993678,100,2447.068557
74.493931,100,2469.677817
72.425232,100,2492.934468
81.503252,100,2516.308184
81.225475,100,2539.72319
75.197901,100,2562.912507
75.937831,100,2585.977104
6.864683,8,2587.781277
80.403191,100,2610.730332
73.807577,100,2633.762959
77.623047,100,2656.247857
76.681193,100,2679.96232
75.130843,100,2703.75027
78.516919,100,2726.881715
76.296774,100,2749.854077
75.712651,100,2773.170218
76.834305,100,2796.173679
81.405132,100,2819.171784
76.750889,100,2842.364395
73.052577,100,2865.563694
80.04215,100,2888.697416
76.967735,100,2920.039138
81.414655,100,2943.614166
76.250507,100,2966.765786
78.455168,100,2990.322526
76.686748,100,3014.453259
76.221053,100,3038.233455
80.277145,100,3061.512262
82.35315,100,3084.987515
81.953573,100,3108.42377
73.509051,100,3131.971625
59.021322,71,3148.748056
74.490159,100,3172.274752
75.661567,100,3194.803314
76.92871,100,3217.379702
80.182829,100,3240.063155
75.098637,100,3262.49082
66.466472,84,3281.918652
72.346411,100,3304.956221
75.334696,100,3328.388263
80.506647,100,3352.155507
82.615184,100,3375.804396
78.081401,100,3407.54806
78.088311,100,3431.218933
78.472946,100,3454.289366
78.294561,100,3477.198511
77.320361,100,3500.515082
80.744554,100,3523.560077
76.481849,100,3546.829416
80.441307,100,3569.852608
81.402919,100,3592.542014
74.110941,100,3615.440527
77.56949,100,3638.283824
79.817237,100,3660.889948
79.621682,100,3684.529653
83.197589,100,3708.283614
80.048028,100,3731.896899
78.253003,100,3755.661051
78.580242,100,3779.312697
78.522802,100,3803.005749
75.191936,100,3826.694552
76.365679,100,3850.44618
79.974357,100,3874.276765
75.815996,100,3906.493031
80.199338,100,3930.209682
79.711389,100,3953.79697
77.46299,100,3976.826248
78.459102,100,4000.489235
78.26984,100,4024.218436
82.765222,100,4048.164446
81.011455,100,4071.879372
58.00687,74,4089.413193
74.208295,100,4113.110975
78.259355,100,4137.038304
83.900718,100,4160.925764
75.51223,100,4184.591364
80.035052,100,4208.255877
77.006149,100,4232.188711
79.001551,100,4255.971916
82.73348,100,4279.874283
75.923502,100,4303.505793
1.963675,3,4304.223806
82.498182,100,4328.091629
78.708713,100,4351.865716
83.526236,100,4384.003318
75.278448,100,4407.700733
80.459183,100,4431.423616
82.082644,100,4455.048424
79.774504,100,4478.684034
78.99088,100,4502.373004
82.70708,100,4526.018746
83.37042,100,4549.76647
81.064034,100,4573.410891
81.866487,100,4596.918242
79.047445,100,4620.588773
77.41682,100,4644.477277
80.120215,100,4668.191736
80.657903,100,4691.809916
77.097581,100,4715.417943
83.54935,100,4739.079009
80.432307,100,4762.565634
79.995778,100,4786.248629
83.672077,100,4809.88523
84.551972,100,4833.424709
82.018174,100,4857.09497
82.122661,100,4889.223647
76.201187,100,4913.025199
84.44501,100,4936.720406
3.436008,5,4937.907614
75.791926,100,4961.429459
79.518061,100,4984.962981
82.246562,100,5008.562347
77.633748,100,5032.070329
81.667608,100,5055.760445
7.508585,10,5058.122074
82.288842,100,5081.788656
81.85187,100,5105.396099
74.856671,100,5129.010529
80.288615,100,5152.604136
81.413017,100,5176.262631
74.731875,100,5199.802814
82.824177,100,5223.631896
77.208537,100,5247.299252
79.789574,100,5270.879894
83.050094,100,5294.489387
81.36091,100,5318.21341
78.938383,100,5341.77887
83.061819,100,5373.799915
80.657983,100,5397.38853
83.358521,100,5420.724125
83.844474,100,5443.914482
75.279363,100,5467.431277
83.846523,100,5490.922803
80.003126,100,5515.211215
80.921288,100,5538.798369
84.149549,100,5562.404903
84.301098,100,5585.825517
81.095761,100,5609.325938
84.041536,100,5632.702261
81.450267,100,5656.151093
81.580253,100,5679.529693
76.980781,100,5702.900722
83.228158,100,5726.21675
83.203045,100,5749.54128
79.997939,100,5772.85627
77.471455,100,5796.289312
83.272793,100,5819.720537
85.692967,100,5843.129181
82.903983,100,5874.35674
84.14189,100,5897.119973
82.069085,100,5920.593365
84.557152,100,5944.055176
81.192458,100,5967.62569
80.740585,100,5991.062528
84.375759,100,6014.469439
82.304,100,6037.887913
79.810213,100,6061.273146
81.493122,100,6084.609216
81.000463,100,6108.046916
82.900364,100,6131.40351
79.05802,100,6154.795955
81.618802,100,6178.26248
78.981649,100,6201.764194
82.289158,100,6225.144855
82.291593,100,6248.569368
84.344662,100,6271.977057
82.957057,100,6295.522862
81.839184,100,6318.930928
78.548692,100,6350.937942
79.126247,100,6374.550421
82.200967,100,6398.011742
85.006494,100,6421.441697
78.634227,100,6444.88394
77.689559,100,6468.366302
81.83442,100,6491.801922
84.382353,100,6515.247156
84.332509,100,6538.665747
80.229759,100,6562.345191
84.839523,100,6586.35901
77.869569,100,6610.335899
85.530343,100,6634.405094
81.456545,100,6657.923715
83.330678,100,6681.45957
84.188987,100,6705.291472
83.724538,100,6728.36145
84.849524,100,6751.227909
83.298976,100,6774.684176
81.247337,100,6797.571912
82.895513,100,6820.600658
83.077846,100,6851.68339
79.009671,100,6874.263959
81.752934,100,6897.203481
76.573716,100,6919.325261
84.865362,100,6942.228745
60.020616,75,6959.233094
87.453308,100,6982.200206
81.288527,100,7005.141924
85.009615,100,7028.322036
84.439904,100,7051.776647
82.278993,100,7075.276975
77.625036,100,7098.734446
48.8118,60,7112.755355
80.650742,100,7136.203184
82.989886,100,7159.685021
82.83549,100,7183.064549
78.592907,100,7206.400563
79.210668,100,7230.041485
85.072348,100,7253.630156
79.655451,100,7277.18626
84.576645,100,7300.662944
33.965938,40,7318.301484
80.767196,100,7341.435026
80.082749,100,7364.761092
86.259252,100,7388.200063
82.92862,100,7411.652005
80.544181,100,7434.983188
80.752763,100,7458.385641
35.945727,43,7468.466733
82.45454,100,7491.912533
79.297823,100,7515.322672
82.931018,100,7538.80606
81.504571,100,7562.311889
81.974166,100,7585.744137
79.300983,100,7609.28115
3.607683,6,7610.698451
84.767327,100,7634.350542
85.264482,100,7657.720779
81.87985,100,7681.034738
82.678323,100,7704.48745
82.403495,100,7727.898225
81.42674,100,7751.193418
84.133867,100,7774.515714
81.42076,100,7806.252232
86.893702,100,7829.61972
81.740535,100,7853.150451
81.868608,100,7876.662599
84.830673,100,7900.169668
82.670939,100,7923.537493
85.438414,100,7946.939887
84.173999,100,7970.33115
79.648661,100,7993.842799
80.95943,100,8017.339074
81.263381,100,8040.815464
84.312455,100,8064.245239
81.853039,100,8087.767295
83.543136,100,8111.306793
86.132775,100,8134.924834
81.245503,100,8158.501335
84.992192,100,8182.072707
81.207432,100,8205.449657
81.17839,100,8229.113043
87.29646,100,8252.886461
78.100647,100,8276.463276
78.13747,100,8308.035595
80.003083,100,8331.556103
84.031598,100,8354.998014
88.408348,100,8378.354822
84.991041,100,8401.905766
85.191605,100,8425.228934
82.851099,100,8448.74688
83.100709,100,8472.252198
79.446856,100,8495.768536
82.510818,100,8519.271562
81.335345,100,8542.777133
84.283199,100,8566.278861
86.033274,100,8589.746928
83.93753,100,8613.242393
81.34037,100,8636.629348
85.793105,100,8660.117929
86.065323,100,8683.543825
85.580265,100,8706.966956
80.649715,100,8730.398373
81.077709,100,8753.910385
80.627765,100,8785.304991
79.126298,100,8808.485018
80.24813,100,8831.872101
78.026827,100,8855.411124
87.418773,100,8878.915434
86.93637,100,8902.104211
83.788045,100,8925.708782
85.843273,100,8949.13397
83.451058,100,8972.705622
80.002578,100,8996.115686
86.603668,100,9019.42475
85.210354,100,9042.820529
82.536132,100,9066.312059
84.716617,100,9089.739687
79.545805,93,9111.422621
54.150795,64,9126.422734
84.809735,100,9149.952276
86.433523,100,9173.455932
80.243613,100,9196.89107
83.209334,100,9220.368225
83.003298,100,9243.711859
78.688625,100,9275.750214
89.491033,100,9300.222749
87.469748,100,9324.137066
80.912208,100,9347.972318
84.100266,100,9371.64659
87.077049,100,9395.177984
85.177182,100,9418.678487
84.525542,100,9442.129719
83.444444,100,9465.682392
85.227608,100,9489.265699
79.268444,100,9512.776206
83.000288,100,9536.276435
78.279464,100,9560.796459
83.230772,100,9584.248111
80.658049,100,9607.656243
80.334586,100,9631.049608
85.088933,100,9654.753836
84.232493,100,9678.370405
87.427613,100,9701.66448
84.47411,100,9724.40994
85.581065,100,9747.172051
85.915262,100,9778.61022
81.097202,100,9802.007695
79.116854,100,9825.429793
82.278413,100,9848.770929
80.426228,100,9872.30251
80.606376,100,9895.751505
86.589786,100,9919.250332
86.554049,100,9942.784403
86.244565,100,9966.249578
86.985668,100,9989.784518
85.428948,100,10013.327529
87.79597,100,10036.953616
85.05154,100,10060.448096
79.038731,100,10084.058645
79.38605,100,10107.563674
85.900597,100,10131.202821
84.532252,100,10154.73399
86.656261,100,10178.202266
85.071152,100,10201.679357
85.087555,100,10225.174306
87.455515,100,10256.755985
87.106607,100,10280.225046
83.698668,100,10303.644187
84.220294,100,10326.900984
85.222202,100,10350.299624
85.314764,100,10373.804814
84.072813,100,10397.493117
82.115076,100,10420.937178
81.812677,100,10444.397006
83.225184,100,10468.003287
49.988501,60,10482.112479
82.585499,100,10505.641062
85.006536,100,10529.306657
87.396485,100,10552.735866
84.66854,100,10576.187238
80.06427,100,10599.560978
87.217038,100,10623.00182
84.450894,100,10646.508375
82.650219,100,10669.942024
81.263911,100,10693.473237
86.335888,100,10717.007766
85.401359,100,10748.540533
83.78182,100,10771.937393
86.181545,100,10795.366281
80.332505,100,10818.848985
85.843383,100,10842.250777
80.331042,100,10865.578065
82.759943,100,10888.90411
39.646656,50,10900.65775
84.90608,100,10924.219331
79.997763,100,10947.706871
82.881373,100,10971.211861
83.267936,100,10994.687589
80.745545,100,11018.227879
81.785643,100,11041.699921
81.935781,100,11065.185936
87.249137,100,11088.586022
85.858029,100,11112.063358
83.399971,100,11135.621654
76.848687,100,11159.17106
85.911305,100,11182.735034
82.42032,100,11205.890627
84.685085,100,11238.398126
85.03801,100,11261.797512
82.276391,100,11284.864872
86.331118,100,11308.410861
84.911487,100,11331.755191
81.38044,100,11355.282006
79.646913,100,11378.73225
82.900276,100,11402.289476
82.037395,100,11425.754038
88.494086,100,11449.233514
80.493765,100,11472.644419
80.872829,100,11496.182781
79.458488,100,11519.587948
81.877501,100,11543.038125
74.84113,87,11563.46238
80.766743,100,11586.924412
86.71634,100,11610.371447
80.833367,100,11633.867586
80.295962,100,11656.502822
84.886708,100,11678.449806
81.86327,100,11700.303332
83.26656,100,11730.868881
23.700225,28,11737.043139
81.865089,100,11759.029404
79.843377,100,11781.122023
79.895266,100,11803.226016
81.21915,100,11825.299725
85.253219,100,11847.389356
87.74611,100,11869.567668
81.293866,100,11891.769857
84.209367,100,11913.915653
81.092947,100,11936.164502
86.103006,100,11958.311587
84.849181,100,11980.399494
86.268269,100,12002.81655
85.044432,100,12024.825985
86.644978,100,12046.854096
81.150479,100,12068.817805
83.659782,100,12090.794374
80.672346,100,12112.714664
41.943166,52,12124.016004
86.06256,100,12145.871762
81.334718,100,12175.868738
82.703276,100,12197.916401
83.836836,100,12219.857262
81.602465,100,12241.751907
80.0524,100,12263.596929
83.73932,100,12285.466847
85.4186,100,12307.465732
84.208834,100,12329.382094
86.897658,100,12351.311471
88.479889,100,12373.262017
88.268153,100,12395.170341
83.651418,100,12417.109442
83.415838,100,12438.971222
85.415059,100,12460.891254
81.838737,100,12482.84506
86.247097,100,12504.740875
79.454215,100,12526.66202
81.579286,100,12548.65687
83.827508,100,12570.590049
83.559003,100,12592.490521
79.177045,100,12614.379042
83.931562,100,12644.718652
86.424622,100,12666.728992
82.299382,100,12688.731045
86.204499,100,12710.605481
85.682915,100,12732.478616
81.416394,100,12754.450073
84.093445,100,12776.285814
85.351058,100,12798.280733
81.323588,100,12820.224613
87.046105,100,12842.12829
80.945217,100,12863.964612
84.547534,100,12885.939513
85.815087,100,12907.867752
83.615294,100,12929.895789
85.51934,100,12951.855932
80.620283,100,12973.615452
80.809313,100,12995.520456
84.478647,100,13017.550732
86.927922,100,13039.536101
85.932447,100,13061.439485
84.3702,100,13091.600507
81.685984,100,13113.51007
87.320916,100,13135.588956
85.965321,100,13157.647336
84.346874,100,13179.607303
83.740352,100,13201.517063
80.009887,100,13223.363128
80.253016,100,13245.337708
88.404069,100,13267.189224
86.161198,100,13289.168688
83.614103,100,13311.202729
86.89439,100,13333.135064
83.444991,100,13355.014544
84.026407,100,13376.978725
83.960426,100,13398.983525
84.468216,100,13420.907769
85.758346,100,13442.959284
83.162355,100,13464.944366
82.325727,100,13486.896618
81.178759,100,13508.808491
81.279652,100,13530.569751
82.308136,100,13560.614318
90.322428,100,13582.634552
84.259418,100,13604.663735
81.624986,100,13626.651001
84.027714,100,13648.631529
82.805736,100,13670.551637
84.098339,100,13692.441777
51.630271,63,13706.232735
84.259477,100,13728.183299
86.329825,100,13750.157556
87.432833,100,13772.065273
86.273727,100,13794.089464
88.598592,100,13815.995326
80.842837,100,13837.937155
83.041308,100,13859.810624
87.392731,100,13881.84401
86.64404,100,13903.928252
86.811885,100,13925.77699
80.356422,100,13947.7454
80.169476,100,13969.576342
84.135242,100,13999.67107
86.670739,100,14021.543128
87.934331,100,14043.538224
88.01979,100,14065.37905
87.448228,100,14087.154699
87.773723,100,14109.095753
85.311149,100,14131.001924
60.857189,72,14146.793592
87.137377,100,14168.60396
86.88737,100,14190.451394
83.518791,100,14212.378199
84.064763,100,14234.332911
26.562215,30,14240.91985
86.60847,100,14262.710957
85.863423,100,14284.601892
84.358238,100,14306.401095
86.504128,100,14328.494897
80.16797,100,14350.362619
82.456978,100,14372.197609
85.560556,100,14394.065975
86.832462,100,14415.879087
81.994261,100,14437.791189
82.941431,100,14467.922853
85.911559,100,14489.775887
86.473853,100,14511.624718
81.106632,100,14533.533082
86.063767,100,14555.397674
87.57532,100,14577.289835
82.04736,100,14599.006826
80.986074,100,14620.759375
83.288908,100,14642.61027
87.637828,100,14664.462156
86.476666,100,14686.292464
83.986272,100,14708.090128
86.305959,100,14729.855079
86.727957,100,14751.695711
85.562809,100,14773.356719
81.739979,100,14795.239694
53.968727,67,14809.859953
84.583924,100,14831.583611
88.59433,100,14853.386836
87.243557,100,14875.185616
88.654774,100,14896.921165
81.228949,100,14926.869717
87.118273,100,14948.60625
83.96619,100,14970.421822
81.392719,100,14992.157987
87.054707,100,15013.832502
87.296021,100,15035.560419
87.752407,100,15057.407846
79.760849,100,15079.233359
86.413971,100,15101.038725
87.050286,100,15122.892866
87.436743,100,15144.612542
84.212002,100,15166.297175
84.55279,100,15187.953463
85.849837,100,15209.595244
86.708787,100,15231.238649
86.481426,100,15252.863335
83.979626,100,15274.626181
86.415444,100,15296.240177
22.671756,28,15302.343545
84.0649,100,15324.037855
86.793455,100,15345.769785
86.149764,100,15375.703079
87.067665,100,15397.390583
84.997296,100,15419.048178
79.550468,100,15440.702787
87.149651,100,15462.401724
84.147342,100,15484.116343
88.402188,100,15505.835408
84.275512,100,15527.42294
85.959547,100,15548.864265
87.492257,100,15570.421286
82.401371,100,15592.080553
86.723347,100,15613.711186
84.187978,100,15635.28729
85.933969,100,15656.783097
87.097352,100,15678.483648
81.04415,100,15700.231736
86.146654,100,15721.930413
87.683577,100,15743.734456
84.718943,100,15765.332878
86.01593,100,15786.956501
83.409831,100,15816.921142
85.553169,100,15838.712057
88.343592,100,15860.556683
87.452859,100,15882.124158
83.880236,100,15903.73251
88.039984,100,15925.522933
82.324323,100,15947.290717
86.993261,100,15968.982268
82.351719,100,15990.743437
86.595338,100,16012.307266
84.59008,100,16034.004096
86.230825,100,16055.582329
82.582241,100,16077.30746
81.4125,100,16099.029101
85.773517,100,16120.680726
87.245875,100,16142.338586
86.169995,100,16164.026934
81.949623,100,16185.589973
84.37419,100,16207.18478
88.124634,100,16228.740176
83.466062,100,16250.393648
84.326535,100,16280.351845
87.189485,100,16301.992605
87.637299,100,16323.652534
87.052088,100,16345.358252
87.031163,100,16367.131838
86.634682,100,16389.00852
84.878217,100,16410.786604
85.944667,100,16432.398455
88.071835,100,16454.038995
84.619441,100,16475.708893
84.874222,100,16497.309069
82.303881,100,16518.89362
83.720605,100,16540.516393
87.646169,100,16562.186543
85.095999,100,16583.85862
88.406239,100,16605.512997
86.158677,100,16627.243975
82.546067,100,16648.898927
84.979497,100,16670.57376
86.626045,100,16692.289951
84.422963,100,16722.267565
82.093709,100,16743.965956
86.22675,100,16765.652046
87.422415,100,16787.344729
84.525975,100,16808.983852
86.93902,100,16830.447962
81.733873,100,16852.076817
86.41275,100,16873.640477
84.331149,100,16895.320813
88.188355,100,16916.916889
88.445969,100,16938.516587
88.963684,100,16960.16265
88.913905,100,16981.941286
48.440395,56,16994.090239
85.892896,100,17015.85913
44.513882,53,17027.391218
83.148673,100,17049.11034
84.360135,100,17070.828887
85.289185,100,17092.525646
87.833667,100,17114.34947
86.402495,100,17136.110055
81.669499,100,17157.69208
82.553746,100,17187.801683
86.979041,100,17209.503451
87.511856,100,17231.202206
81.669092,100,17252.98922
84.24229,100,17274.624683
80.38013,100,17296.302574
80.893079,100,17317.943505
84.841994,100,17339.549553
86.489149,100,17361.191551
84.142549,100,17382.776935
86.547925,100,17404.447719
84.669368,100,17426.091654
81.576741,100,17447.663844
86.733727,100,17469.248733
86.268835,100,17490.967152
84.534368,100,17512.599737
84.519217,100,17534.224864
82.222333,100,17555.875946
86.72872,100,17577.486437
81.799977,100,17599.160529
86.94026,100,17629.305223
89.473042,100,17650.935441
84.167973,100,17672.624871
82.441681,100,17694.171152
83.732492,100,17715.757067
88.921851,100,17737.649864
82.170935,100,17759.326313
87.228101,100,17780.985838
83.903776,100,17802.651172
86.738703,100,17824.207877
87.807091,100,17845.905643
82.059167,100,17867.566386
82.386543,100,17889.196413
83.966666,100,17910.70082
88.200279,100,17932.413706
86.641609,100,17954.161938
84.876239,100,17975.812673
84.184484,100,17997.5778
83.976886,100,18019.252449
89.588124,100,18040.876204
84.461075,100,18062.510848
87.008636,100,18092.548217
87.984767,100,18114.182207
89.366746,100,18135.837224
87.991331,100,18157.493695
82.474655,100,18179.22417
82.565448,100,18200.919313
81.958271,100,18222.595331
82.794035,100,18244.284416
84.053023,100,18265.932648
84.726277,100,18287.591147
84.504348,100,18309.172815
88.83676,100,18330.752339
82.072351,100,18352.322929
81.985791,100,18374.014561
81.648167,100,18395.740533
84.315117,100,18417.429926
88.221817,100,18439.010136
84.815392,100,18460.757894
88.903863,100,18482.415247
82.135709,100,18504.13766
87.154934,100,18534.219759
82.402819,100,18556.014627
89.208282,100,18577.683817
84.804983,100,18599.506925
89.659373,100,18621.288763
88.773733,100,18642.87656
85.826839,100,18664.454041
83.784024,100,18686.123221
82.723779,100,18707.692585
87.246909,100,18729.373505
89.3109,100,18751.028173
84.69599,100,18772.692044
86.948451,100,18794.355242
82.225841,100,18816.034438
83.908294,100,18837.793216
87.158947,100,18859.401545
84.642687,100,18881.156631
88.401164,100,18902.801012
82.908333,100,18924.510306
82.594493,100,18946.260367
89.274398,100,18967.947005
88.657832,100,18998.149537
87.12588,100,19019.983373
87.096372,100,19041.629371
81.236407,100,19063.335537
85.024629,100,19084.960181
87.958111,100,19106.582921
89.003616,100,19128.248817
84.924237,100,19149.841309
79.424261,100,19171.450498
89.539831,100,19193.227467
87.179104,100,19215.016673
81.432832,100,19236.784089
86.073335,100,19258.453057
82.695223,100,19280.103938
79.681185,100,19301.85111
82.468728,100,19323.570853
84.845612,100,19345.134405
86.738437,100,19366.778917
85.255628,100,19388.423542
82.195739,100,19410.022856
82.698144,100,19440.130751
80.908133,100,19461.927379
84.014247,100,19483.591854
82.79218,100,19505.180148
86.512972,100,19526.890635
84.851447,100,19548.693361
84.810974,100,19570.320818
82.563097,100,19592.009025
79.974081,100,19613.706936
84.888812,100,19635.484998
84.875594,100,19657.289986
81.083988,100,19678.998713
81.448015,100,19700.755075
84.777303,100,19722.543073
89.06639,100,19744.298774
86.416155,100,19765.957043
84.211058,100,19787.659899
88.257935,100,19809.295016
89.41145,100,19830.923975
85.026968,100,19852.632012
80.966154,100,19874.323612
83.851237,100,19904.674321
84.369733,100,19926.423918
81.416187,100,19948.247427
39.777315,49,19959.002982
82.625405,100,19981.029467
85.059935,100,20002.983821
83.789648,100,20024.901289
16.142237,19,20029.124277
82.351211,100,20051.013459
89.38745,100,20072.883738
79.98705,100,20094.812775
81.772636,100,20116.760741
82.722407,100,20138.788831
87.119882,100,20160.701829
82.130572,100,20182.613428
80.656759,100,20204.660846
80.306251,100,20226.59622
82.592963,100,20248.678801
89.092022,100,20270.651196
86.09662,100,20292.548448
84.577873,100,20314.442291
87.382611,100,20345.198016
82.599903,100,20367.10669
88.82242,100,20389.009964
89.544334,100,20410.997324
82.030893,100,20433.050875
87.37918,100,20455.085129
88.236476,100,20477.01652
82.075438,100,20498.954575
89.057743,100,20521.038677
83.188562,100,20543.08322
88.217109,100,20564.981495
84.671803,100,20587.000523
81.36899,100,20608.923176
82.583208,100,20631.066568
82.74276,100,20653.142166
85.30678,100,20675.150932
87.841198,100,20697.193001
83.986509,100,20719.21439
86.126622,100,20741.316367
88.537344,100,20763.276778
84.323404,100,20785.221559
81.962239,100,20816.02886
84.290686,100,20838.118429
81.932544,100,20860.238197
82.264688,100,20882.34328
87.255749,100,20904.389572
80.17544,91,20924.451191
82.121611,100,20946.336697
85.134882,100,20968.366673
88.258189,100,20990.479558
84.574652,100,21012.598495
81.952347,100,21034.618514
84.798623,100,21056.667029
85.887107,100,21078.804664
87.26049,100,21100.979347
81.851934,100,21122.909988
80.461835,100,21145.034818
87.083096,100,21167.108524
86.092988,100,21189.054599
81.071699,100,21211.046111
82.184253,100,21232.984766
85.827282,100,21255.204697
88.002877,100,21285.966897
82.770914,100,21307.944396
87.808993,100,21329.939798
89.326421,100,21351.921656
81.328463,100,21374.05417
82.614928,100,21395.947293
46.046049,56,21408.293787
89.022803,100,21430.319487
85.513744,100,21452.379626
87.462677,100,21474.417482
83.443754,100,21496.447395
86.367446,100,21518.37055
83.915015,100,21540.421409
84.569959,100,21562.367902
87.274765,100,21584.624239
84.874367,100,21606.564709
88.170747,100,21628.507521
86.750198,100,21650.319199
87.896382,100,21672.24475
82.159974,100,21694.049474
84.918049,100,21724.781682
81.653104,100,21746.710305
86.985691,100,21768.683073
80.966831,100,21790.790774
81.761588,100,21812.633719
87.208219,100,21834.529955
87.476397,100,21856.574707
84.49727,100,21878.58599
80.682878,100,21900.663681
85.014049,100,21922.626615
82.475669,100,21944.509758
81.557928,100,21966.467524
86.971645,100,21988.295485
81.29887,100,22010.217861
82.045788,100,22032.207145
84.066906,100,22054.191823
84.487136,100,22076.299352
87.038965,100,22098.441783
84.96973,100,22120.58484
86.613052,100,22142.675618
88.33811,100,22164.635643
84.13287,100,22195.664098
81.714394,100,22217.438414
84.462193,100,22239.277331
81.223854,100,22261.192903
88.44341,100,22282.976014
82.587877,100,22304.844322
86.771221,100,22326.648964
86.597919,100,22348.546599
87.095419,100,22370.471053
87.261781,100,22392.326185
86.198752,100,22414.211089
81.760723,100,22436.020392
81.721451,100,22457.789128
86.462603,100,22479.642254
84.667884,100,22501.51383
82.641927,100,22523.311729
81.7588,100,22545.01377
81.623049,100,22566.77605
88.825784,100,22588.505385
84.882542,100,22610.334543
83.453524,100,22641.062818
88.588105,100,22662.978477
84.169797,100,22684.928851
86.784873,100,22706.856936
87.134345,100,22728.756058
88.607882,100,22750.612073
81.760667,100,22772.4432
81.696358,100,22794.219197
84.484699,100,22816.044841
82.604825,100,22837.972394
83.443621,100,22859.775096
46.341834,55,22871.744778
84.431658,100,22893.486006
81.325806,100,22915.277697
84.516016,100,22936.989045
82.713114,100,22958.711888
82.623575,100,22980.553167
86.86577,100,23002.324643
87.811872,100,23024.154933
85.104833,100,23045.865599
84.204824,100,23067.584566
85.1748,100,23098.264384
84.314445,100,23120.268141
86.730103,100,23142.239681
84.292078,100,23164.360332
85.832164,100,23186.479081
88.245136,100,23208.533748
87.349137,100,23230.817556
87.455294,100,23252.960112
81.506955,100,23275.051307
84.838482,100,23297.103907
84.496359,100,23319.1662
85.989614,100,23341.156805
78.758721,100,23363.173608
81.434771,100,23385.163286
85.735651,100,23407.097489
84.45343,100,23429.039775
86.962582,100,23450.956223
88.848685,100,23472.81463
84.189406,100,23494.783779
81.60958,100,23516.866389
88.782774,100,23538.871337
91.179295,100,23569.583938
84.385882,100,23591.607088
84.68164,100,23613.72421
87.96188,100,23635.732799
82.653903,100,23657.717757
86.732518,100,23679.63432
86.668149,100,23701.707071
85.067559,100,23723.743326
89.34833,100,23745.68995
81.410315,100,23767.732115
82.380642,100,23789.759686
85.249432,100,23811.748831
86.795263,100,23833.64433
84.40518,100,23855.568157
81.025452,100,23877.531062
86.383832,100,23899.532263
82.196595,100,23921.629087
81.976285,100,23943.640286
87.640291,100,23965.563612
84.598078,100,23987.686918
87.297392,100,24018.670681
81.977554,100,24040.719337
89.241134,100,24062.834331
84.550056,100,24084.885955
87.289637,100,24106.969312
87.366453,100,24128.914244
81.525564,100,24151.008242
84.665356,100,24172.970152
87.521332,100,24194.975462
82.411416,100,24217.080701
85.104048,100,24239.070897
88.297914,100,24260.950135
88.519227,100,24283.052881
82.1659,100,24304.980382
81.048535,100,24326.964135
87.457672,100,24348.773288
81.3515,100,24370.626502
81.617673,100,24392.674093
84.578898,100,24414.708016
86.507474,100,24436.805021
83.484421,100,24458.828237
82.066488,100,24489.713025
84.674106,100,24511.895763
86.956316,100,24534.087666
84.426385,100,24556.181298
88.31508,100,24578.177736
84.781549,100,24600.305995
82.366043,100,24622.550026
82.190533,100,24644.651091
87.095445,100,24666.799943
16.846746,22,24671.672958
83.073483,100,24693.730211
84.507946,100,24715.724034
89.202746,100,24737.722358
84.72663,100,24759.704417
87.006852,100,24781.786438
88.562894,100,24804.054425
88.501518,100,24826.067422
81.702067,100,24848.054957
89.532667,100,24870.06653
86.893823,100,24892.292315
89.067089,100,24914.381053
82.312211,100,24945.143092
81.741736,100,24967.198956
84.850939,100,24989.358597
84.76592,100,25011.390928
87.228374,100,25033.448701
81.589679,100,25055.529014
88.415924,100,25077.596736
87.152075,100,25099.696063
82.531296,100,25121.726833
87.436028,100,25143.601971
86.818758,100,25165.57789
87.406112,100,25187.55487
88.272885,100,25209.636689
85.956871,100,25231.665242
86.334671,100,25253.706999
80.423071,100,25275.777353
84.969009,100,25297.821288
82.541557,100,25319.969942
82.711226,100,25342.125831
87.646752,100,25364.127055
87.022337,100,25386.244061
84.560935,100,25417.137869
82.268086,100,25439.035374
82.913388,100,25461.191737
82.401397,100,25483.133707
81.25368,100,25505.214786
89.328103,100,25527.22043
84.310173,100,25549.295072
84.023887,100,25571.287003
88.486695,100,25593.276191
85.556822,100,25615.296293
88.522811,100,25637.340759
86.828845,100,25659.362458
82.99645,100,25681.433915
88.055212,100,25703.541198
88.203606,100,25725.544328
83.981528,100,25747.626349
88.074748,100,25769.932487
81.592545,100,25792.090333
84.437801,100,25814.173296
43.58021,52,25825.575962
85.940389,100,25856.403469
86.594564,100,25878.599093
44.694293,53,25890.247581
88.388803,100,25912.36396
87.270257,100,25934.463527
88.693916,100,25956.541296
88.394219,100,25978.615546
65.82013,79,25996.071976
89.616582,100,26018.156179
87.292257,100,26040.239388
89.114713,100,26062.363369
61.079004,73,26078.5748
88.133488,100,26100.639894
46.682239,57,26113.286969
86.904584,100,26135.292886
82.950032,100,26157.366501
5.949082,8,26159.121422
45.615861,54,26171.013267
82.411017,100,26193.07692
89.397693,100,26215.098851
87.222122,100,26237.121785
85.046439,100,26259.324821
20.943649,24,26264.62551
83.24234,100,26286.921955
86.891263,100,26317.819904
87.233636,100,26340.045175
84.974714,100,26362.165554
84.831561,100,26384.386799
57.878018,70,26399.824652
86.594148,100,26421.832285
89.272247,100,26443.872064
45.718405,56,26456.197587
87.945275,100,26478.306337
83.269736,100,26500.496717
80.205243,100,26522.432771
43.680496,52,26533.906778
82.236205,100,26555.941769
84.569358,100,26577.983909
84.998087,100,26600.098602
2.516092,4,26600.973792
86.529098,100,26623.016659
4.701595,6,26624.349033
83.899865,100,26646.386489
85.34387,100,26668.535508
81.551634,100,26690.571711
87.701812,100,26712.588384
84.481847,100,26734.590789
88.133565,100,26756.722606
35.750329,44,26766.394112
84.590701,100,26797.178154
79.972377,100,26819.491323
68.301164,82,26837.820477
44.103455,50,26848.903127
87.514272,100,26871.07549
80.844077,100,26893.243234
4.0,5,26894.370079
88.082517,100,26916.507227
48.224206,57,26929.18972
62.159715,70,26944.732012
87.387774,100,26966.912582
87.262491,100,26989.040112
47.847338,54,27001.124941
89.010636,100,27023.200714
89.080159,100,27045.269811
88.177752,100,27067.328969
89.091943,100,27089.270739
81.769121,100,27111.328069
87.107704,100,27133.338178
56.805389,68,27148.310841
65.228922,74,27164.68181
87.360546,100,27186.901592
44.125403,54,27198.818475
86.849624,100,27220.942444
87.257926,100,27251.756643
86.875525,100,27273.811533
87.129809,100,27295.988011
82.677534,100,27317.970519
87.337045,100,27340.010254
44.507419,54,27351.951909
80.366546,100,27374.07858
82.186071,100,27396.14607
87.375559,100,27418.153483
86.775953,100,27440.385441
86.918701,100,27462.434279
84.457799,100,27484.442985
47.694541,56,27496.710053
87.425223,100,27518.740899
86.771439,100,27540.78209
85.479551,100,27562.900398
87.180574,100,27584.887279
46.67855,55,27597.05864
11.520761,14,27600.134238
85.186353,100,27622.234995
87.35544,100,27644.33726
86.683552,100,27666.373324
88.429037,100,27688.475924
87.249347,100,27719.234117
87.660092,100,27741.328247
84.830312,100,27763.476749
82.014309,100,27785.819778
87.480863,100,27808.251191
84.343021,100,27830.323606
87.14332,100,27852.456834
81.126498,100,27874.622326
84.944031,100,27896.722742
56.367342,68,27911.738936
86.812466,100,27933.575516
80.596839,100,27955.310538
85.011543,100,27977.295279
87.154971,100,27999.247421
78.722319,100,28021.026344
81.407562,100,28042.838247
87.125872,100,28064.735777
86.8198,100,28086.515514
87.200807,100,28108.226319
83.742103,100,28130.030729
41.660791,50,28140.891692
43.170879,53,28161.107404
84.419405,100,28182.832165
87.711037,100,28204.584711
76.732788,95,28225.395275
87.415634,100,28247.155305
85.457225,100,28268.947404
44.346925,53,28280.486308
87.437419,100,28302.21714
80.428984,100,28324.123322
84.317919,100,28346.004073
87.267123,100,28368.019895
86.928574,100,28389.720402
87.194611,100,28411.492227
89.004676,100,28433.431287
81.461826,100,28455.138282
87.308811,100,28476.78781
87.152571,100,28498.518519
84.655634,100,28520.356361
91.027899,100,28542.137561
86.950488,100,28563.807936
46.084062,56,28576.02745
87.549117,100,28597.703458
87.717472,100,28628.007911
81.434607,100,28649.956809
87.524215,100,28671.7825
81.479675,100,28693.631576
86.382552,100,28715.393915
81.912345,100,28737.198244
87.236358,100,28759.100705
84.158152,100,28780.900601
84.639792,100,28802.73495
81.997811,100,28824.51786
84.568845,100,28846.274765
84.390336,100,28867.94621
87.23548,100,28889.746632
80.205888,100,28911.600206
85.143488,100,28933.284389
86.925741,100,28955.020567
86.950711,100,28976.772245
87.921359,100,28998.535117
87.186846,100,29020.408156
84.685634,100,29042.26566
