#{"t_start": 1773510776.947561, "env_id": "continuous-highway-v0"}
r,l,t
1.716818,16,5.510005
1.605622,15,5.852307
0.725696,14,6.180409
1.24959,14,6.47697
1.298528,15,6.799629
2.604044,17,7.180716
1.337722,16,7.533571
0.953951,15,7.891838
1.911431,16,8.25644
0.669019,14,8.567822
1.14652,16,8.929248
1.811507,17,9.297242
0.490961,14,9.584891
0.863914,13,9.86597
2.430908,16,10.227978
1.176045,14,10.554091
1.878855,15,10.872016
0.990685,14,11.183153
1.286877,15,11.503543
0.765288,14,11.817394
3.118797,17,12.189499
1.994051,16,12.53416
0.462461,13,12.838612
1.371084,13,13.129786
3.127051,16,13.484508
2.138604,19,13.911796
1.422941,14,14.237927
1.174986,14,14.548479
1.16038,15,14.882647
0.317993,14,15.207088
2.500875,19,15.633052
2.905199,19,16.047125
0.597453,13,16.33453
2.5082,16,16.694912
0.838456,13,16.973374
0.374985,12,17.250738
0.074616,12,17.509382
1.505315,18,17.921216
0.709531,13,18.211567
1.609683,15,18.55232
1.924121,14,18.88191
2.777531,18,19.26264
0.629438,14,19.560164
0.57762,13,19.853251
2.51658,15,20.197199
1.426752,14,20.49857
0.52331,13,20.786977
3.252654,17,21.161762
1.969986,17,21.53942
0.351167,14,21.863899
1.816486,15,22.206143
2.080322,16,22.579316
0.436354,13,22.880376
0.282203,14,23.226009
-0.35277,12,23.479752
2.095879,16,23.841781
2.861776,18,24.247843
1.205928,14,24.564592
0.745704,13,24.839372
1.813138,15,25.173882
1.54006,14,25.477196
1.336484,15,25.807549
1.143994,14,26.142894
2.816625,15,26.477446
3.157606,17,26.86317
2.156651,16,27.210303
0.510142,13,27.504046
2.019477,16,27.850229
0.554174,13,28.140055
0.827621,13,28.443843
0.457274,14,28.75403
0.316973,13,29.027867
1.639442,15,29.354491
3.308402,18,29.747027
0.437343,13,30.029043
2.017644,17,30.423697
0.86076,14,30.723531
1.800128,16,31.075187
1.453916,16,31.413687
1.699559,14,31.731407
2.005543,16,32.103125
0.610785,14,32.400819
2.845627,15,32.724357
2.342035,18,33.121825
0.531603,13,33.392169
1.524291,16,33.717189
0.635133,15,34.022538
1.002652,14,34.317486
0.290606,14,34.61866
-0.797106,11,34.865724
2.379672,16,35.23185
0.241264,14,35.525972
1.608207,14,35.857877
1.27911,15,36.163872
4.067608,19,36.544366
1.365251,15,36.898409
0.557482,14,37.204531
1.871688,15,37.530935
0.353406,13,37.826803
1.407001,15,38.162772
2.546491,17,38.508179
0.288283,13,38.787053
2.597881,15,39.11168
-0.347113,12,39.374848
0.540341,14,39.663491
-0.768835,11,39.903366
2.093645,15,40.201551
1.319161,13,40.464857
3.059487,19,40.861595
1.375659,15,41.173048
0.606252,14,41.474682
0.506983,15,41.779668
0.346113,14,42.069005
3.589326,17,42.430707
2.234372,17,42.7774
1.078595,15,43.0753
1.482486,14,43.370972
0.309046,13,43.626925
0.828951,15,43.932199
2.66556,17,44.27968
1.039076,13,44.556987
2.638147,17,44.906275
0.490853,13,45.178519
3.284245,19,45.55952
1.663077,14,45.831901
1.379049,16,46.161377
2.073943,15,46.459935
2.259558,15,46.779951
0.334655,13,47.057245
0.432914,13,47.312563
0.939613,13,47.575211
1.339198,14,47.862079
2.228518,16,48.192361
0.403688,13,48.441086
1.53549,14,48.708325
0.690795,14,49.007975
0.709495,15,49.306107
1.337145,15,49.606454
0.980737,14,54.150469
1.760138,17,54.494967
0.448082,13,54.763993
0.406653,14,55.056899
1.451835,15,55.367792
2.549375,16,55.688542
-0.266321,12,55.947964
1.60834,15,56.264049
2.168703,16,56.591329
2.485508,18,56.953028
2.168757,18,57.307487
2.564958,15,57.609107
2.968592,19,57.996457
1.42611,15,58.307235
2.68791,17,58.644999
0.358574,14,58.934935
1.303306,14,59.229007
1.06437,14,59.522867
3.501362,19,59.911597
1.000778,15,60.222309
0.558003,13,60.476507
0.714314,16,60.804426
2.163928,16,61.12652
0.69418,14,61.405575
2.451339,16,61.728742
-0.70867,12,61.967018
0.607645,14,62.254087
1.029921,14,62.548569
1.786497,16,62.884472
0.71511,15,63.202353
1.288759,14,63.496902
-0.160598,13,63.766967
1.959723,16,64.097754
1.277183,15,64.403973
-0.10183,12,64.636321
0.519154,13,64.900265
1.973623,16,65.215512
1.567108,14,65.505358
3.063508,18,65.871169
1.277054,16,66.20011
1.185201,14,66.494657
2.243858,17,66.844673
1.631375,15,67.156379
1.0193,14,67.452026
0.339746,14,67.73349
0.398567,15,68.045705
0.668783,13,68.322965
2.119899,15,68.627796
2.343705,15,68.934341
2.500532,19,69.31149
0.555222,14,69.599761
1.477431,15,69.91366
0.645568,15,70.214038
2.354667,17,70.569283
2.171931,18,70.941724
1.418194,14,71.236578
0.873301,14,71.518312
0.992045,17,71.858217
1.381516,14,72.145501
0.033199,12,72.397483
1.305753,15,72.70806
2.700697,17,73.048164
1.394975,14,73.350154
3.031544,19,73.736675
-0.639198,12,73.995231
1.687636,14,74.275164
1.30334,15,74.578963
0.691614,15,74.891771
0.986563,15,75.202951
0.77073,15,75.514249
0.439582,13,75.790202
-0.028258,12,76.042243
2.169351,17,76.397143
1.732395,15,76.70086
0.949115,14,76.987818
0.277588,13,77.257041
0.026695,12,77.510375
1.385302,14,77.806012
1.804729,16,78.135207
-0.028192,12,78.386766
-0.33851,12,78.638647
0.533718,14,78.918043
0.813357,13,79.181143
2.035302,16,79.509575
2.138928,16,79.823483
0.999046,16,80.146366
2.591027,17,80.494403
1.84411,16,80.810152
1.503831,14,81.097421
1.613086,16,81.426716
0.338411,13,81.698241
0.995141,15,81.989688
2.593594,18,82.353734
1.271494,14,82.648855
-0.268601,12,82.89509
0.416797,12,83.141251
1.365351,14,83.437188
0.829871,14,83.732861
1.344776,15,84.045178
2.279274,18,84.416332
2.088341,17,84.763692
1.909121,15,85.062475
1.415276,15,85.353876
1.297829,16,85.682337
2.610522,17,86.014987
2.702034,18,86.387667
0.089523,13,86.658158
1.782538,16,86.997817
2.184138,16,87.33548
1.438505,15,87.648883
1.918419,15,87.962144
2.111993,16,88.285414
0.602443,14,88.572809
-0.698092,12,88.826973
1.940398,16,89.149657
1.934405,15,89.462127
1.572,14,89.749805
-0.323111,12,89.995089
0.422395,15,90.299033
1.125137,13,90.55299
3.110668,18,90.916451
1.413673,15,91.220402
0.460938,15,91.530931
0.332935,13,91.795955
1.650395,16,92.116537
0.518717,13,92.363508
1.649214,16,92.691298
1.950144,15,93.001056
0.431156,13,93.270069
1.352757,15,93.565852
1.325052,14,93.851831
1.09899,14,94.138751
0.401246,15,94.451177
2.370155,16,94.765689
1.913417,15,95.066788
0.902507,15,95.380863
1.876128,15,95.673789
0.998263,15,100.215715
2.103751,15,100.523941
2.675917,18,100.901652
0.288039,14,101.190073
1.980761,16,101.511857
1.215354,14,101.791911
0.937878,16,102.121079
0.165393,14,102.39781
2.18903,19,102.77959
2.797084,18,103.150028
1.771443,17,103.50456
1.307434,14,103.791857
2.516514,19,104.173743
0.563268,15,104.479322
0.047173,13,104.743944
1.741569,18,105.109174
2.616439,18,105.480543
1.246519,17,105.827557
2.373969,16,106.152497
1.811136,15,106.4654
1.879198,16,106.800479
1.565046,17,107.15258
2.647183,16,107.490297
1.793956,16,107.80556
0.996903,15,108.102904
1.118989,16,108.425637
2.018148,17,108.764927
0.401234,13,109.035751
1.350291,15,109.341218
1.96533,16,109.66398
1.870284,17,110.011637
0.849572,15,110.318348
2.699299,16,110.654636
2.300141,18,111.01915
3.627059,19,111.393617
1.888602,16,111.722934
2.070523,17,112.076136
2.538273,18,112.456529
2.514864,19,112.832174
1.365771,14,113.127643
2.101085,17,113.473859
2.626317,18,113.844981
2.699074,19,114.234809
2.029852,15,114.54595
0.271476,13,114.813574
2.77879,20,115.232582
0.01197,15,115.528803
2.08279,16,115.849781
0.861333,13,116.111108
0.536972,14,116.412757
0.794538,16,116.740981
2.299819,16,117.062557
3.316224,18,117.419575
3.172833,21,117.841551
0.791724,15,118.144889
2.351896,17,118.491072
2.552675,18,118.869179
0.913706,15,119.181628
1.78418,17,119.527384
-0.018816,13,119.803361
1.744577,15,120.108628
0.442413,15,120.414136
0.355858,14,120.701096
0.258781,13,120.949979
1.021125,14,121.222326
1.10241,15,121.526813
0.840001,14,121.815378
1.590642,16,122.145429
1.61496,15,122.472637
-0.10322,12,122.716776
2.353969,17,123.049369
2.526977,17,123.403573
2.343694,17,123.758502
2.512516,17,124.105213
0.485034,13,124.373894
1.777241,16,124.696707
1.277324,15,125.009191
1.874312,16,125.330592
2.058699,15,125.652699
3.003081,19,126.027762
3.177124,19,126.411285
-0.088407,13,126.68252
2.995275,18,127.041039
1.211404,15,127.347009
1.161238,15,127.659746
0.939419,15,127.973453
0.597394,14,128.263492
1.291865,15,128.576926
2.176893,16,128.884084
0.707446,16,129.206872
1.609875,16,129.536897
1.675158,15,129.842419
0.676634,15,130.148823
1.855114,15,130.462462
0.29144,14,130.765934
2.160611,16,131.103722
3.239597,20,131.497612
-0.3951,13,131.769239
2.176225,16,132.097389
-0.009151,13,132.366448
1.371139,16,132.696059
2.755456,19,133.084418
1.442782,14,133.363631
-0.269789,13,133.616857
1.242753,14,133.901927
2.380965,16,134.230577
2.325707,18,134.585997
1.994881,15,134.883204
1.033302,15,135.201591
0.527905,14,135.488317
0.160171,12,135.747839
2.182666,16,136.069974
2.464616,17,136.42414
1.37691,16,136.746285
2.078576,15,137.056942
3.056861,18,137.414107
2.610802,16,137.737281
2.905402,18,138.09598
1.390074,15,138.3929
1.210855,16,138.721833
1.882313,16,139.043561
2.32783,17,139.383484
1.106953,15,139.674253
1.408405,15,139.986449
1.296201,15,140.306273
1.664043,17,140.647104
1.786957,16,140.960762
-0.117953,13,141.220611
1.894688,18,141.579497
1.169062,15,141.879915
2.275431,18,146.587924
0.752562,16,146.918617
0.64403,15,147.223234
0.502069,14,147.511129
1.737481,17,147.873328
1.062081,16,148.203271
2.465183,16,148.528084
1.757124,17,148.854818
2.019693,18,149.219507
1.027119,15,149.51847
2.546582,18,149.883954
2.081435,16,150.207743
1.17517,14,150.488525
2.749086,19,150.88066
0.782894,16,151.210366
-0.020151,13,151.473052
4.006488,20,151.88002
2.102297,20,152.298341
1.084982,14,152.606273
0.306483,14,152.890972
2.883934,21,153.328498
0.352781,16,153.666247
0.640089,14,153.956109
0.876776,16,154.300153
4.023829,19,154.671618
0.448772,14,154.969142
2.243066,19,155.351052
1.133359,15,155.674268
2.190158,18,156.048186
1.766374,16,156.372282
1.730902,17,156.726928
1.849313,17,157.069641
1.613234,17,157.427296
2.750882,19,157.826434
1.832809,16,158.179289
2.834873,17,158.566262
0.629666,14,158.876727
2.134765,19,159.305351
0.750402,15,159.61082
1.294099,15,159.931998
1.456423,18,160.337
1.467363,17,160.713526
2.213444,17,161.063255
1.974101,18,161.47986
2.077049,18,161.848984
0.132847,14,162.137327
3.353667,20,162.556793
5.791934,28,163.119772
0.917514,15,163.433198
2.328448,17,163.787474
2.721695,17,164.127638
0.342528,14,164.409029
2.62656,19,164.80785
0.940112,15,165.099438
0.4289,13,165.36298
1.855014,16,165.700845
2.825313,19,166.084725
1.567587,17,166.425449
1.732063,16,166.748242
2.296486,18,167.114774
4.18356,20,167.523761
1.272594,18,167.882022
2.83848,18,168.247797
0.534223,14,168.52825
1.759253,17,168.876359
1.663575,17,169.225821
0.452629,14,169.515804
1.666488,18,169.894008
2.656457,16,170.217357
2.821852,20,170.639508
1.521216,17,170.981476
1.198871,15,171.287258
2.418788,17,171.6276
-0.477922,12,171.858685
0.322562,14,172.141675
1.449462,17,172.482783
2.013472,17,172.816296
2.27343,17,173.173514
0.478197,15,173.480773
1.216963,14,173.771104
1.088051,16,174.095109
1.265225,15,174.402552
0.081518,13,174.668091
1.769916,17,175.001485
2.361038,17,175.364808
1.835703,16,175.693434
1.119871,15,176.006253
-0.100212,14,176.301579
2.739482,21,176.723776
1.704069,17,177.069102
1.492345,17,177.407182
2.133005,15,177.718614
-0.017174,14,178.01922
3.448017,19,178.407151
2.039503,17,178.7948
3.384019,22,179.262736
1.246339,15,179.567242
2.590304,18,179.929319
1.87191,16,180.251288
1.668312,18,180.607945
2.009496,18,180.979081
2.137949,17,181.325987
1.619421,17,181.680355
0.260966,14,181.967366
2.40887,18,182.331593
1.878481,16,182.654246
0.744844,15,182.959414
2.2495,19,183.340367
-0.248341,13,183.610108
1.543373,16,183.917933
1.470624,17,184.258685
2.580579,17,184.613836
1.404994,15,184.91158
2.628603,18,185.277218
1.816455,15,185.583328
2.072061,16,185.906689
2.617206,19,186.297808
2.607957,18,186.668283
0.576234,15,186.977501
2.549806,17,187.321092
2.537826,20,187.718181
-0.814176,12,187.947049
2.606254,20,188.360012
2.788236,20,193.099406
1.73044,17,193.467897
2.928181,18,193.836186
0.65246,16,194.167416
1.629097,16,194.498193
1.807617,21,194.932194
1.44737,18,195.293285
2.891318,18,195.670263
3.601698,21,196.101358
1.306734,17,196.454177
4.201278,22,196.881862
1.753842,17,197.238854
2.226851,18,197.598375
1.184469,16,197.913752
3.315039,21,198.34723
2.997099,20,198.748653
1.926663,19,199.132239
2.459311,19,199.521035
3.15536,20,199.913652
1.258524,16,200.238152
3.431737,21,200.655042
0.694702,16,200.995353
2.67516,17,201.327848
2.149381,17,201.677566
0.866766,14,201.964782
1.339272,16,202.308914
2.910154,19,202.700768
3.199138,21,203.124897
2.368587,16,203.451187
2.79582,20,203.867672
-0.118815,14,204.152664
2.254062,18,204.521428
1.836231,17,204.86321
1.896582,16,205.200501
2.704124,21,205.624741
0.217673,14,205.919702
0.829748,16,206.250148
4.111736,23,206.733249
2.472985,20,207.154033
2.037718,20,207.576127
3.558543,22,208.048088
3.008582,19,208.458623
0.860923,15,208.764194
2.725406,19,209.164149
2.99522,23,209.668938
3.153801,21,210.083633
2.400904,19,210.464532
1.980383,15,210.778194
3.348884,21,211.218143
2.553871,18,211.580293
1.147618,16,211.897383
1.713736,15,212.220372
2.735243,22,212.689281
1.244093,17,213.040237
3.495776,22,213.484281
1.894965,19,213.885646
1.403043,15,214.199424
1.050299,14,214.49029
0.895552,16,214.823246
0.653086,15,215.115402
2.708543,17,215.469475
1.664748,18,215.84224
0.718331,16,216.165755
4.091628,24,216.66136
1.658801,15,216.968889
0.645596,15,217.275701
1.589655,18,217.64275
1.328865,17,217.978316
0.882414,16,218.296016
2.574978,20,218.689554
1.333518,17,219.030607
0.186335,14,219.327251
2.802132,19,219.703367
1.767053,17,220.052015
-0.090703,14,220.350162
0.614411,14,220.646271
1.712239,19,221.008431
1.981883,16,221.338769
0.326058,15,221.634377
2.264657,18,221.982682
3.680635,22,222.423536
3.864197,24,222.898882
2.621698,19,223.288667
0.532236,16,223.617652
1.149592,16,223.938815
1.864516,18,224.287489
1.943009,17,224.641353
1.489084,19,225.016186
-0.346198,14,225.295658
0.605445,14,225.574955
2.679016,19,225.966542
2.127726,18,226.331509
3.0409,18,226.71211
0.915097,14,226.985392
3.297223,21,227.408025
1.008732,16,227.717566
0.727625,15,228.016029
0.887078,16,228.346849
2.57118,18,228.704604
1.313363,17,229.044109
0.554169,16,229.351876
2.094036,16,229.659896
2.654473,17,229.99983
2.146665,17,230.347378
3.146528,21,230.78639
3.456482,23,231.240593
2.764891,21,231.668678
1.824676,21,232.086922
0.96723,16,232.404881
1.040017,18,232.764317
3.721296,22,233.193499
2.766737,18,233.552197
1.655249,17,233.880806
1.28452,17,234.221645
2.072162,17,238.811436
0.114886,13,239.076002
2.161248,18,239.441884
1.737527,15,239.740524
2.725346,19,240.115714
2.548901,20,240.561898
0.599679,15,240.862608
2.598676,18,241.229441
1.661307,20,241.635763
3.874025,24,242.116853
1.739914,17,242.483728
1.694766,16,242.820728
2.389605,20,243.237518
2.052582,18,243.596147
3.121797,20,243.990466
1.909699,17,244.332234
0.594155,14,244.620054
0.969842,16,244.936107
2.447061,21,245.346443
3.589326,20,245.752194
1.233778,17,246.092932
1.543498,18,246.443057
3.110873,21,246.890501
2.877136,21,247.321597
2.799072,18,247.72818
0.902687,14,248.038898
2.47358,18,248.398622
1.206326,17,248.747391
1.678603,16,249.063298
2.700218,19,249.459242
3.756427,23,249.940012
2.147964,18,250.298375
2.96527,23,250.78248
3.154285,19,251.152878
1.456801,17,251.486104
0.458406,15,251.792033
0.970432,15,252.087128
2.254722,22,252.523232
1.144321,14,252.789274
1.864401,17,253.128574
3.102953,24,253.603198
1.2727,18,253.965217
1.600736,18,254.317746
2.356397,19,254.705617
4.038621,20,255.100215
0.989709,16,255.420478
2.271655,21,255.84445
2.551993,20,256.231432
2.285385,20,256.636742
2.970535,21,257.038033
1.605079,16,257.358967
3.239599,21,257.786075
2.81939,18,258.15084
2.927763,22,258.586887
2.342984,18,258.954371
2.33872,20,259.347035
2.535177,22,259.784028
1.321631,17,260.116758
2.791816,23,260.591918
4.462927,22,261.02002
5.462476,27,261.556421
1.677307,16,261.87816
3.091309,25,262.372358
4.484682,23,262.840417
2.354324,18,263.201307
-0.083345,14,263.47635
1.806418,16,263.792242
1.51261,17,264.118085
3.004881,20,264.525884
1.12318,17,264.87451
1.661243,18,265.226671
0.166451,15,265.517012
4.160539,27,266.061537
2.547828,19,266.436972
1.853663,18,266.796391
1.900991,17,267.137096
1.858731,18,267.490279
2.037476,20,267.892066
2.231504,18,268.254299
1.164306,15,268.554412
0.337027,15,268.860981
2.97161,21,269.285883
1.608825,16,269.596665
3.620198,20,270.014234
2.208073,15,270.305436
2.352876,19,270.69535
0.79174,18,271.050811
4.376688,28,271.589863
3.026747,22,272.01569
3.215151,23,272.457973
4.900096,31,273.039337
1.283887,16,273.354173
2.343684,19,273.727364
0.257389,15,274.029416
4.314495,26,274.523688
1.627186,18,274.878613
2.47125,18,275.22957
1.184855,17,275.562233
3.479011,21,275.97943
2.048943,19,276.362623
2.76354,22,276.804465
1.406452,18,277.151576
1.26367,17,277.494132
3.727012,23,277.932304
2.59943,20,278.327578
-0.357799,13,278.594683
0.140661,14,278.878522
2.0239,18,279.251026
2.672347,20,279.641758
1.332555,18,284.31479
1.243738,16,284.638
1.193728,17,284.987136
-33.805008,151,287.954071
5.439786,27,288.477061
3.012879,19,288.859248
4.859426,29,289.410263
2.248521,19,289.772591
3.493754,24,290.235552
2.894437,23,290.670892
2.70308,22,291.073217
1.891236,18,291.414145
0.524217,15,291.688295
3.441,22,292.121133
1.446141,18,292.463761
1.716128,16,292.76342
2.181701,18,293.094562
2.938042,23,293.537053
3.859824,22,293.965329
3.055407,21,294.368547
3.325138,23,294.811852
0.493754,16,295.12668
3.076827,18,295.484726
4.081482,25,295.981958
3.809417,20,296.375705
1.809418,19,296.744469
0.480719,14,297.01579
0.501519,15,297.32262
-24.628877,151,300.229249
3.12466,20,300.615963
1.918007,18,300.961
3.316376,22,301.382826
3.006868,22,301.811684
0.756231,17,302.14105
1.512873,19,302.50991
2.79577,20,302.89954
2.056773,20,303.297521
-33.399057,151,306.162279
0.94096,18,306.514717
1.602444,16,306.838469
4.503668,27,307.404688
2.299689,19,307.786224
1.540559,17,308.132204
0.259786,14,308.412951
1.342086,20,308.805816
2.051028,19,309.187662
1.120967,17,309.514178
2.837917,21,309.921658
0.16297,15,310.211965
2.787084,21,310.614135
2.710915,19,310.991366
2.247208,18,311.350497
2.817743,21,311.760091
3.17681,19,312.14111
2.139715,20,312.540789
2.600052,20,312.942193
1.225288,17,313.275159
1.881299,18,313.610928
3.75782,27,314.117705
0.302062,16,314.425998
3.671181,25,314.89585
2.988003,19,315.256057
3.0916,25,315.742556
1.364972,17,316.069324
0.515761,16,316.390882
3.444578,23,316.837309
2.624642,17,317.157317
2.043965,21,317.590605
1.536317,17,317.940173
1.54504,21,318.352365
0.48929,16,318.66339
2.448867,19,319.041328
1.929525,20,319.442608
2.465082,21,319.835371
3.009917,17,320.156973
3.970203,24,320.637295
1.305003,18,320.987009
0.234098,15,321.285867
1.528504,19,321.646096
2.156566,18,321.997674
2.024137,19,322.365184
2.585164,19,322.731091
2.50817,20,323.12395
0.996053,16,323.439476
4.783074,27,328.310287
1.044852,20,328.713821
2.156328,19,329.100034
1.847297,18,329.459268
2.421073,20,329.851741
0.841147,20,330.24697
3.220997,22,330.668434
3.371848,21,331.064445
2.207508,17,331.389956
1.770265,20,331.800558
1.652898,17,332.142177
2.503358,22,332.573858
4.836008,24,333.048791
1.995133,20,333.457775
3.315833,24,333.929378
0.571533,15,334.23663
1.167035,17,334.591052
-27.200589,151,337.537427
2.36051,19,337.913786
3.864126,27,338.428693
-30.861699,151,341.309853
-0.162723,14,341.574522
-0.041107,15,341.871827
1.39008,18,342.219912
3.371573,21,342.628844
4.305627,27,343.133234
3.427482,22,343.566322
3.23157,25,344.068604
1.728511,19,344.436718
-30.736359,151,347.344893
3.22172,22,347.757455
2.803793,20,348.130447
-31.73059,151,351.006
-32.603453,151,353.894026
2.044291,18,354.246434
3.155172,21,354.65668
-32.403364,151,357.511845
1.103075,18,357.85886
3.035108,22,358.261024
2.603838,24,358.724151
2.376174,23,359.166385
2.701447,21,359.565094
-29.901422,151,362.429986
-26.501932,151,365.283229
3.292521,26,365.764719
3.419879,24,366.22753
0.967671,17,366.53969
3.153922,21,366.935276
1.290176,17,367.262751
3.890477,27,372.043051
2.003408,19,372.409444
4.250263,29,372.958891
-37.702736,151,375.719137
-35.290046,151,378.419279
2.521836,18,378.745563
2.309668,19,379.087722
2.014096,18,379.43428
2.743159,22,379.856038
3.420522,25,380.318792
3.193086,23,380.745882
-31.598991,151,383.507167
3.151771,21,383.888583
1.344418,19,384.239791
0.958811,15,384.514074
4.818888,32,385.111338
1.148597,17,385.426899
-31.730581,151,388.132267
2.834855,21,388.523293
-33.469366,151,391.266287
1.39031,21,391.657741
3.549396,22,392.069199
2.149489,20,392.432579
2.788679,21,392.824818
1.641996,19,393.176961
3.757774,26,393.640612
-30.941811,151,396.505383
-31.986252,151,399.378513
3.464109,26,399.867322
5.899965,29,400.408068
1.97379,21,400.822114
1.385668,20,401.199259
5.914182,34,401.829562
1.194721,17,402.169539
2.327472,26,402.660106
1.710811,16,402.96171
-31.913388,151,405.778399
3.36826,26,406.259538
5.102679,30,406.827162
2.12845,19,407.189588
0.52322,17,407.517717
2.185037,20,407.902766
-30.597007,151,414.972038
2.131369,22,415.400963
2.419395,21,415.780263
2.423044,21,416.180184
1.280182,20,416.578584
-37.631037,151,419.36253
3.080062,25,419.833086
3.270927,24,420.296978
-38.13965,151,423.05274
1.608841,20,423.415075
-30.475905,151,426.142765
2.950346,20,426.50444
2.122824,20,426.878451
5.307936,29,427.4047
2.26621,22,427.794436
-35.590838,151,430.573083
2.211236,22,430.987639
3.294635,27,431.497565
-35.305972,151,434.296936
-33.33266,151,437.065001
0.682387,17,437.382079
1.44861,20,437.740113
3.290575,28,438.267864
1.272026,20,438.644242
1.548695,19,439.002714
1.862432,20,439.391757
2.907755,22,439.800583
-37.49217,151,442.625481
-30.836283,151,445.475805
-33.400268,151,448.277935
-35.273989,151,451.018545
2.204818,22,451.421435
-33.858567,151,458.431826
1.271007,19,458.788981
-34.175796,151,461.464958
2.090189,21,461.85654
3.392151,25,462.310508
2.436843,21,462.695704
1.517034,18,463.037611
-37.125877,151,465.7374
3.171044,23,466.173329
-35.035061,151,468.870733
3.334783,25,469.333899
4.034229,26,469.808152
4.49055,26,470.281487
-37.93229,151,472.978421
2.611106,26,473.456
1.52513,22,473.866615
-0.149661,16,474.158792
-38.911132,151,476.896485
1.763701,21,477.275882
2.903158,23,477.697181
-31.574884,151,480.423643
-34.385339,151,483.18571
3.120838,26,483.680739
2.469688,22,484.086086
1.580675,20,484.450585
2.201728,19,484.792757
2.679932,23,485.221567
1.891339,20,485.577076
-28.128978,151,488.33018
-28.577004,151,491.07925
-35.607274,151,498.219414
4.519008,30,498.772529
3.063831,23,499.179283
4.915438,31,499.763006
2.044146,21,500.137231
1.56995,20,500.501442
2.014659,19,500.843592
-32.084346,151,503.601829
1.630136,20,503.980704
-29.574148,151,506.748446
-34.418972,151,509.508578
2.757909,22,509.926754
1.803616,21,510.314757
2.563536,21,510.718105
-28.506322,151,513.443136
-28.983942,151,516.173715
3.456686,25,516.622404
1.35029,18,516.958306
-28.402462,151,519.701897
-32.983005,151,522.480963
2.530858,20,522.855564
2.397471,20,523.226434
-30.870861,151,525.989506
2.808328,22,526.373571
-32.433466,151,529.075526
1.654648,21,529.467057
3.141727,23,529.888601
-28.023577,151,532.702751
-24.993127,151,539.786377
0.061278,15,540.063399
2.673293,21,540.460339
2.300454,21,540.855001
0.881969,18,541.198126
1.179563,16,541.505459
3.401807,26,541.980936
2.88378,24,542.427993
-23.920278,151,545.256179
-17.690299,151,547.99342
-25.095579,151,550.777884
2.376779,22,551.180532
0.851071,16,551.466317
1.781182,19,551.818327
0.456601,17,552.14139
3.950561,27,552.638236
2.365228,21,553.045877
3.497686,24,553.484828
5.627682,33,554.101672
-19.736882,151,556.874556
-24.809019,151,559.708136
1.191308,17,560.033299
2.586474,20,560.40834
1.913171,19,560.751123
1.688275,20,561.128234
3.050786,23,561.555075
2.482137,23,561.977022
-13.562917,151,564.818152
-25.855493,151,567.637517
-30.811127,151,570.50422
1.896229,20,570.879774
3.855002,27,571.376432
3.103946,24,571.811637
-0.953247,14,572.065439
3.316962,25,572.528778
1.424184,18,572.851053
3.08892,26,573.331177
-20.848003,151,576.159022
2.931834,22,576.577529
0.095144,15,576.864586
1.370657,19,577.237829
1.956155,21,577.634702
-12.634491,151,584.807183
1.699246,20,585.194399
0.433412,15,585.487519
3.470641,24,585.952361
1.710966,20,586.366871
1.901779,20,586.756917
-17.061167,151,589.675691
1.28963,18,590.048529
3.359533,24,590.560696
3.908684,23,591.015764
0.696029,16,591.358168
1.530527,19,591.728015
4.465325,27,592.285776
2.903409,23,592.736049
2.452612,19,593.099396
3.050651,22,593.527274
0.154683,16,593.829969
5.794773,35,594.495749
1.248912,18,594.840692
0.813038,17,595.186804
2.347515,23,595.647553
0.524205,19,596.000171
1.992809,21,596.438761
0.349102,15,596.748565
3.605175,23,597.166039
1.343171,18,597.489024
1.390724,18,597.820798
-10.665806,151,600.68086
6.487148,37,601.394422
4.702904,29,601.955783
3.356692,28,602.497766
2.17949,18,602.86695
4.816235,38,603.612039
3.7824,23,604.058717
2.156275,20,604.452458
-15.141412,151,607.341996
2.746782,21,607.751742
3.719651,22,608.172542
1.732938,20,608.559282
2.723981,20,608.939518
-13.318131,151,611.770281
3.32428,22,612.184336
6.124848,40,612.941863
3.405172,25,613.423372
2.2013,21,613.826657
2.415819,19,614.180374
2.299307,21,614.578406
2.439992,23,615.023484
2.730079,22,615.436332
2.925443,23,615.872958
2.16952,22,616.292964
4.793955,29,616.837322
5.526328,34,617.470001
-18.880155,151,620.281237
1.565079,19,620.639555
4.870906,28,621.16741
3.449468,21,625.839933
1.177244,18,626.187702
0.01879,16,626.487049
3.891643,25,626.9794
1.675222,19,627.361275
2.845335,22,627.801355
5.6395,34,628.443388
0.843038,17,628.792052
2.452668,21,629.195427
1.501744,19,629.554696
1.925968,20,629.939312
2.904177,22,630.358067
3.967083,25,630.854886
3.152203,24,631.32657
3.212875,24,631.803329
1.722487,18,632.168237
2.694062,22,632.595792
3.100715,23,633.041519
2.68347,23,633.4862
-0.308395,14,633.760006
1.149567,18,634.103855
1.440561,19,634.475753
7.262691,38,635.221729
2.125063,19,635.605297
1.97874,22,636.025675
2.914764,20,636.419102
3.247378,22,636.847507
3.726247,25,637.336275
3.189945,23,637.781036
1.722366,19,638.147934
4.796781,28,638.705319
0.945153,17,639.038321
1.946825,21,639.457319
3.733979,27,639.988842
4.648185,28,640.538373
1.633564,19,640.908733
2.508746,19,641.278522
2.526198,21,641.683702
1.929211,19,642.037286
2.797516,22,642.459474
-3.914749,151,645.359264
3.306077,28,645.913738
1.739087,19,646.275013
1.92773,19,646.651571
2.224944,20,647.031355
-9.241379,151,649.938677
3.028023,24,650.42245
4.405409,28,650.968742
4.302928,30,651.550704
2.436282,21,651.95345
1.092559,18,652.303251
1.305119,17,652.629245
2.680039,151,655.564826
1.92471,20,655.96734
2.569228,24,656.437845
1.554492,18,656.771874
2.473602,21,657.172413
0.933921,18,657.518423
2.840029,23,657.958913
4.215322,27,658.48206
1.40145,17,658.804388
0.860915,18,659.142664
0.96959,20,659.539045
0.942407,19,659.903569
2.445144,22,660.340382
3.841182,25,660.840377
1.515416,18,661.198527
1.033906,19,661.566859
2.024736,22,662.003896
4.294323,26,662.516318
2.548311,19,662.891829
3.13415,23,663.343327
3.505306,25,663.8389
3.108386,24,664.308793
2.026656,20,664.693663
2.873453,21,665.10329
0.986343,19,669.785918
4.16326,29,670.356884
1.609644,20,670.74121
0.529145,16,671.060876
3.675292,28,671.601983
3.35461,24,672.066396
3.253961,25,672.550676
4.828423,31,673.151305
2.220502,20,673.526587
2.458163,22,673.965461
3.867672,23,674.423702
4.370433,26,674.932392
3.949001,27,675.453665
1.325431,18,675.827064
1.438227,20,676.213361
4.002178,23,676.65943
2.603663,20,677.060557
1.366606,16,677.376927
2.415799,21,677.784036
4.524898,31,678.403646
1.271033,19,678.780451
4.042385,24,679.256557
2.027943,23,679.700796
1.117844,18,680.043737
4.524607,27,680.57391
0.645384,15,680.871929
1.48024,18,681.229599
2.285208,24,681.699035
1.565468,20,682.098738
0.831949,17,682.432754
1.775765,19,682.801045
6.229362,35,683.476544
0.770137,17,683.803709
2.00965,21,684.20748
2.593283,22,684.618445
2.578594,20,684.996062
2.085881,21,685.406107
1.786928,19,685.7724
0.162267,14,686.045811
2.101443,20,686.44144
1.814615,20,686.829438
3.552924,25,687.317868
2.223159,21,687.736113
1.240658,18,688.094582
1.792604,19,688.46836
0.142898,16,688.784021
3.843305,23,689.229713
0.979813,17,689.56364
1.329651,151,692.402457
1.632201,19,692.776365
3.177137,24,693.247105
5.139604,33,693.888879
2.522164,22,694.316452
1.182866,18,694.674401
1.296216,19,695.057699
2.86003,21,695.475791
2.416733,20,695.875889
1.406237,19,696.265744
1.826994,19,696.649441
2.323135,21,697.060256
12.415095,151,699.95071
1.058743,18,700.296995
3.211192,22,700.724248
3.83263,29,701.287125
0.867967,18,701.642684
2.864718,24,702.116983
5.326704,33,702.750422
-1.940443,151,705.659526
12.305682,75,707.113626
3.576074,23,707.543271
1.197527,17,707.868561
2.957506,22,708.303852
2.298053,20,708.703384
5.00408,29,709.258155
1.227507,19,713.917088
2.874107,20,714.309448
4.157902,27,714.848878
2.526382,23,715.30944
5.40686,29,715.875701
1.373642,17,716.2133
0.928202,17,716.573528
2.869947,24,717.05105
2.948979,23,717.51363
2.552723,22,717.938535
3.985492,22,718.372512
0.966309,18,718.743327
1.550092,19,719.141711
1.783124,19,719.531479
2.758617,23,720.011912
3.194571,22,720.465681
1.016415,17,720.801731
3.756589,24,721.278299
1.212482,17,721.613892
1.008141,19,721.993289
1.772198,20,722.391667
3.982864,26,722.907638
4.084409,24,723.365037
2.601925,26,723.857349
3.764359,27,724.394291
1.262507,17,724.704545
4.236019,27,725.236666
2.472075,21,725.64704
0.807894,17,725.979675
3.096699,22,726.400735
3.847272,22,726.827727
4.650376,26,727.327753
2.961525,20,727.713856
1.152512,19,728.089131
3.017785,26,728.609873
2.249369,19,728.969657
0.365222,15,729.284271
1.496582,18,729.63571
1.982597,21,730.045582
3.842853,24,730.518268
2.165866,18,730.876992
1.473154,19,731.238071
0.952029,19,731.607382
2.540223,22,732.044753
1.63142,18,732.400536
1.932657,21,732.819176
4.124106,23,733.271068
4.097255,26,733.768811
3.118773,23,734.214209
2.833741,21,734.634021
2.060829,18,734.985567
2.236809,20,735.379739
1.210204,18,735.737438
3.958451,26,736.242104
2.992615,23,736.686731
3.611838,25,737.190874
1.710299,19,737.573699
5.771017,34,738.248055
3.682952,23,738.740578
22.562034,151,741.697958
2.213995,20,742.091314
2.206081,20,742.493348
4.291866,27,743.024159
3.358118,24,743.487773
1.728588,21,743.891274
1.651726,17,744.232082
3.390978,23,744.672358
5.336869,31,745.278568
6.288673,37,745.99054
2.667196,24,746.465133
2.243688,21,746.866266
1.203336,17,747.19788
3.013958,22,747.629032
2.630747,23,748.082883
3.304271,24,748.565085
4.777938,32,749.198798
1.235347,19,749.582781
2.511787,24,750.054588
-0.236201,14,750.321831
0.551656,16,750.632028
3.519502,24,751.117815
2.314728,19,751.494051
3.582521,24,751.967443
2.189674,21,752.377975
2.903503,23,752.822332
1.235101,20,753.207953
4.730404,27,753.747319
4.113287,25,758.517632
4.719624,33,759.165546
2.780158,24,759.647948
0.829636,17,759.980968
1.419745,19,760.363741
1.779137,22,760.778257
2.207778,22,761.210958
1.735729,20,761.612632
6.006264,35,762.309447
4.803824,25,762.804297
0.630841,17,763.139297
1.673038,20,763.533563
1.087141,19,763.902505
7.663227,46,764.813834
3.131744,25,765.309349
1.64839,18,765.659042
3.559142,24,766.135808
3.030234,22,766.556015
3.98942,29,767.129251
0.777365,16,767.451053
2.305314,21,767.870953
2.574047,22,768.314199
1.845764,21,768.725096
3.610553,27,769.286267
4.794621,34,769.969961
2.88945,23,770.423592
5.9214,37,771.158163
2.401915,21,771.559805
3.561215,25,772.039294
3.951707,24,772.495339
5.174069,32,773.118993
1.620362,18,773.455752
1.021173,18,773.820604
2.582924,20,774.214017
2.194994,22,774.649409
3.062165,27,775.172127
2.328322,21,775.597562
3.724501,24,776.067953
5.166771,30,776.661694
0.523977,19,777.031256
3.069381,23,777.476713
3.226425,27,777.989647
2.655871,22,778.419402
0.702197,16,778.735839
2.172929,22,779.163504
4.788089,28,779.716725
2.941225,21,780.126868
4.560789,27,780.65711
4.035659,24,781.119528
4.296983,27,781.643917
3.437837,24,782.100343
3.904809,28,782.655892
1.984084,19,783.036925
1.851074,19,783.396862
2.385435,21,783.821288
2.061182,20,784.215198
2.943248,20,784.601604
0.859365,18,784.958721
1.921695,20,785.336195
1.147978,17,785.66366
2.317039,21,786.067875
2.132067,19,786.435603
0.521978,17,786.768482
1.502789,18,787.125099
2.49061,20,787.513825
2.96063,23,787.96704
5.376535,33,788.617312
5.846862,32,789.262985
2.922608,24,789.718721
1.462502,20,790.130836
2.510347,19,790.509627
1.111403,16,790.827716
0.99783,18,791.175238
2.047692,21,791.584793
3.372265,24,792.062536
2.202893,20,792.463183
1.729802,17,792.80369
1.028246,18,793.153649
2.53972,23,793.598743
1.090297,18,793.95603
1.835445,20,794.348037
0.506415,16,794.672004
3.991548,28,795.226239
1.47592,18,795.57899
2.479731,22,796.001008
5.47185,32,796.634618
0.82121,18,796.99331
3.842771,25,797.46072
1.865579,18,797.8283
2.104107,19,798.195677
1.354595,18,798.546847
3.921062,27,803.353293
4.432553,29,803.928909
4.885405,31,804.534451
4.66862,28,805.069155
4.978531,32,805.704556
4.001652,26,806.217051
4.614691,28,806.764903
2.955164,23,807.228773
3.098296,24,807.704691
1.758654,21,808.125673
0.603606,18,808.483393
5.20837,34,809.169937
9.986475,52,810.218319
3.632625,25,810.734278
1.430674,18,811.109466
4.087704,25,811.630349
8.083934,41,812.484714
3.584146,26,813.048255
5.020587,31,813.732733
3.528549,25,814.234881
2.836646,22,814.686775
4.213082,25,815.196695
1.387461,20,815.657254
1.843392,20,816.103275
0.947422,18,816.479287
3.990454,25,817.000343
7.555638,47,817.991384
3.912035,26,818.516503
0.764751,17,818.857452
1.303252,19,819.232378
3.041696,25,819.730832
4.946202,31,820.340657
2.490957,21,820.765834
3.217947,29,821.335664
1.765106,21,821.761761
1.889958,20,822.155406
2.324271,21,822.566916
2.437743,21,822.993481
1.572231,21,823.403987
3.192784,26,823.912992
3.232442,26,824.430279
3.839573,26,824.945744
5.833357,32,825.566294
1.784679,20,825.966071
2.319663,22,826.40331
3.595559,25,826.90819
4.568952,31,827.53369
4.516823,30,828.130631
2.97576,26,828.629677
3.014991,22,829.05863
1.639614,19,829.43692
1.156298,18,829.779471
1.385688,18,830.13027
4.37904,29,830.703631
3.014677,24,831.183455
1.363006,17,831.532841
5.355993,32,832.173982
1.634733,20,832.575966
2.315659,20,832.956735
3.715185,27,833.491319
0.207325,17,833.822707
2.184501,20,834.207886
0.719701,19,834.582809
2.53725,25,835.07953
2.240019,23,835.525155
1.290686,18,835.885175
2.702321,23,836.337892
3.904201,24,836.832203
4.278714,29,837.399545
1.089958,18,837.75552
2.53996,24,838.235076
2.221111,21,838.644223
2.308858,22,839.080459
1.214962,18,839.429986
1.297618,18,839.77873
4.832485,31,840.406697
3.563986,25,840.903176
2.656177,22,841.346917
3.192551,24,841.831981
1.67688,21,842.241139
2.622183,22,842.678533
2.540189,23,843.139819
4.617648,28,843.70647
4.310229,27,848.535359
4.100395,28,849.076382
11.634852,71,850.387096
3.510209,27,850.874265
4.208398,28,851.371372
11.703211,151,854.130775
1.337043,20,854.497828
1.840558,22,854.914656
3.346627,26,855.399708
1.871749,22,855.840777
3.018361,24,856.296531
2.981335,25,856.780742
2.429365,22,857.204289
3.468797,28,857.727197
6.054989,33,858.35254
3.608697,28,858.881469
5.456575,36,859.594697
5.338411,29,860.166911
4.921249,36,860.899956
1.653608,21,861.311889
26.685559,151,864.171651
0.694697,19,864.556023
2.521212,22,864.995107
1.461995,21,865.407627
3.667892,28,865.938147
3.913018,29,866.495745
2.984908,25,866.981672
13.526259,83,868.580086
2.531042,24,869.03815
27.628641,151,871.91855
2.620259,25,872.406715
6.094078,37,873.122434
1.813793,24,873.589424
2.641598,23,874.032217
2.153439,23,874.476724
5.129517,33,875.093022
1.976498,22,875.515317
3.182848,26,876.012128
3.292113,24,876.471195
3.57624,27,876.99181
7.077524,45,877.86419
4.843576,32,878.500137
2.564796,24,878.972447
6.427203,38,879.689684
5.746189,34,880.345053
5.388073,32,880.964872
1.183271,20,881.341248
3.53559,28,881.870449
3.639567,30,882.439655
4.969318,32,883.050837
4.307069,29,883.605795
1.792551,21,884.026692
2.804429,24,884.496428
4.552399,33,885.138638
2.520225,23,885.585502
1.782684,21,885.996606
4.750059,31,886.583699
4.788786,31,887.179166
3.828604,30,892.032567
3.052928,24,892.500943
1.52768,20,892.876039
3.807519,28,893.406655
11.052575,70,894.694166
1.993806,21,895.093271
3.825522,29,895.641843
3.600558,25,896.117357
2.910996,25,896.595577
9.023048,57,897.685613
2.662335,27,898.188206
3.056304,26,898.670379
6.246408,37,899.35106
5.186315,37,900.060411
3.350119,29,900.588588
6.649366,42,901.390158
5.360313,38,902.096496
9.380833,53,903.10775
2.349578,24,903.578635
10.717729,56,904.639152
6.974197,42,905.462109
7.308348,45,906.334651
3.438395,26,906.850332
3.810193,29,907.402721
3.227579,26,907.892181
5.29673,36,908.624816
5.054368,38,909.35325
32.497785,151,912.234318
6.098176,35,912.887964
4.421387,27,913.414206
34.363457,151,916.358017
3.13531,26,916.896627
6.150981,36,917.601624
1.118071,20,917.987683
1.702171,21,918.39548
2.43194,23,918.832903
3.763197,28,919.365921
3.521089,26,919.893503
5.708887,39,920.649207
5.125466,36,921.330439
2.794118,25,921.815698
3.003591,28,922.346865
24.138996,151,925.2271
6.914431,45,926.09397
20.388077,145,928.848877
1.41669,22,929.287071
4.852846,34,929.916792
1.911769,21,930.321683
2.141246,25,930.797135
2.462146,23,935.608014
3.748704,29,936.166643
8.42165,67,937.432974
12.813295,82,938.936685
3.463715,30,939.479334
14.825977,109,941.478806
2.028062,24,941.921579
3.266283,26,942.404382
4.562928,35,943.043399
19.21475,126,945.302739
25.498171,151,948.091614
2.608541,24,948.542818
15.3466,100,950.400798
28.392359,151,953.247626
29.639552,151,956.051944
5.668027,39,956.805768
30.27022,151,959.688086
3.173518,28,960.208053
6.049892,41,960.987951
31.711782,151,963.819005
4.047927,29,964.359476
3.053598,26,964.847296
5.817324,36,965.512221
1.856831,24,965.970436
25.155463,151,968.810937
2.455912,24,969.268899
3.027169,26,969.756135
19.851332,142,972.412439
6.729327,50,973.324461
30.970142,151,980.423227
24.196916,151,983.233627
2.206031,25,983.685914
29.667379,151,986.439128
4.898602,37,987.108724
1.631221,23,987.514667
0.190675,18,987.853995
9.636332,64,988.994015
26.047119,151,991.703889
2.008923,26,992.19461
4.493292,36,992.86848
4.90818,37,993.56074
0.624705,20,993.948621
6.50101,45,994.77116
28.363639,151,997.555028
25.190752,151,1000.315347
27.906763,151,1003.123189
3.075961,24,1003.583389
27.625071,151,1006.355716
2.192692,24,1006.813736
0.872023,20,1007.178472
3.934876,30,1007.729822
2.914711,28,1008.258907
25.358119,151,1011.028571
28.265137,151,1013.786926
12.776026,84,1015.319635
28.305459,151,1022.298858
31.313042,151,1025.105233
30.934713,151,1027.877763
29.829624,151,1030.584038
32.034747,151,1033.256293
30.957063,151,1035.924917
32.271653,151,1038.624101
7.061992,51,1039.546941
27.5848,151,1042.316191
0.654787,20,1042.70059
31.402796,151,1045.480358
10.353444,67,1046.74443
29.42399,151,1049.50134
26.747298,151,1052.246646
2.622048,28,1052.777399
29.261353,151,1055.532934
29.691531,151,1062.543247
28.766096,151,1065.313485
28.531814,151,1068.080153
26.375327,151,1070.818923
30.543324,151,1073.593323
28.497093,151,1076.334296
30.540426,151,1079.002027
10.468861,89,1080.592745
16.102917,121,1082.761089
30.543518,151,1085.55977
28.894814,151,1088.363608
31.236272,151,1091.14948
29.805832,151,1093.931581
27.897913,151,1096.678174
6.937397,60,1097.780926
32.242309,151,1104.796591
27.186768,151,1107.537625
27.361513,151,1110.279523
30.912513,151,1113.046504
32.140724,151,1115.787184
30.149674,151,1118.537356
29.218662,151,1121.313543
30.759882,151,1124.02894
34.062056,151,1126.708524
5.367472,45,1127.498422
30.394914,151,1130.201383
30.095518,151,1132.9551
4.273553,38,1133.645539
10.458537,72,1134.982281
31.519673,151,1137.748345
29.113252,151,1144.830031
29.824182,151,1147.596852
30.723001,151,1150.340446
29.489322,151,1153.102441
26.188787,151,1155.862213
28.272752,151,1158.61641
28.714426,151,1161.394089
31.098365,151,1164.275008
31.231031,151,1167.012637
17.845272,143,1169.54057
13.032096,89,1171.117981
9.286213,62,1172.209445
29.594832,151,1174.871085
30.38721,151,1177.642014
32.784365,151,1180.389241
30.206902,151,1187.487561
29.526637,151,1190.336895
30.899226,151,1193.075029
33.045512,151,1195.821482
31.254635,151,1198.57022
29.60786,151,1201.334048
31.707429,151,1204.113878
28.404819,151,1206.855271
27.901956,151,1209.654223
30.684141,151,1212.380281
28.466406,151,1215.034059
31.015357,151,1217.687674
30.219849,151,1220.335256
29.125552,151,1223.074773
27.943235,151,1230.175408
28.979495,151,1232.982594
29.91386,151,1235.720709
29.113114,151,1238.460655
27.057936,151,1241.200289
30.895164,151,1243.998247
28.998008,151,1246.734639
29.427349,151,1249.471698
8.023877,68,1250.700608
29.454258,151,1253.46266
29.082728,151,1256.239969
31.128936,151,1258.93832
30.41442,151,1261.577204
32.480201,151,1264.226462
31.331523,151,1271.285891
15.231367,98,1273.070881
29.028643,151,1275.838614
28.262007,151,1278.580444
30.711786,151,1281.319265
34.888952,151,1284.13703
29.251948,151,1286.941489
29.815643,151,1289.71065
31.685988,151,1292.462875
30.764718,151,1295.213406
31.239583,151,1297.96052
33.240959,151,1300.720564
31.013151,151,1303.47477
31.340581,151,1306.131661
33.4129,151,1313.053296
31.095791,151,1315.805772
4.172482,39,1316.527068
28.940326,151,1319.298508
29.680002,151,1322.050298
29.882571,151,1324.811703
30.465979,151,1327.566458
32.233637,151,1330.33289
29.226371,151,1333.081182
32.234842,151,1335.830943
31.338073,151,1338.580993
30.391431,151,1341.327974
31.505173,151,1344.083439
31.465587,151,1346.851504
30.605175,151,1353.766502
31.045989,151,1356.444166
30.844032,151,1359.148758
31.362626,151,1361.900858
2.650876,33,1362.495999
31.996774,151,1365.247494
29.040831,151,1368.067142
16.551442,143,1370.689474
5.832588,57,1371.749774
30.145701,151,1374.493886
34.179935,151,1377.220616
31.267507,151,1379.965675
31.556075,151,1382.71326
30.919691,151,1385.450344
7.248875,68,1386.694236
28.795668,151,1393.75223
29.598547,151,1396.488816
30.373856,151,1399.16522
29.054529,151,1401.84537
28.964828,151,1404.515393
29.377644,151,1407.262074
29.785603,151,1410.017574
28.992965,151,1412.780302
29.78694,151,1415.528828
30.510631,151,1418.271286
28.397459,151,1421.015068
29.78509,151,1423.759607
4.000551,48,1424.633647
29.608412,151,1427.38923
9.024285,87,1428.968185
30.963571,151,1435.958163
29.881168,151,1438.697048
30.942416,151,1441.454549
32.434424,151,1444.132386
29.3053,151,1446.818713
26.835411,151,1449.502207
29.986405,151,1452.23506
29.394082,151,1455.000014
31.355904,151,1457.765475
30.432008,151,1460.509739
30.543738,151,1463.249047
30.225405,151,1465.98902
27.89138,151,1468.735729
15.742796,110,1470.752326
28.330444,151,1477.90365
32.115321,151,1480.715277
24.757842,151,1483.466578
1.460824,25,1483.918832
34.703284,151,1486.684549
30.484584,151,1489.367269
31.645351,151,1492.044131
33.032035,151,1494.720654
31.067171,151,1497.41664
32.000856,151,1500.193196
32.75063,151,1502.968496
32.893301,151,1505.769127
30.049506,151,1508.516239
29.906693,151,1511.245937
30.964226,151,1518.27208
30.939469,151,1521.073652
27.075555,151,1523.84695
28.24656,151,1526.609432
13.423858,109,1528.637951
30.249371,151,1531.42564
31.180171,151,1534.238085
30.071833,151,1536.910357
7.770766,58,1537.92046
29.837085,151,1540.589577
32.110477,151,1543.284381
31.630418,151,1546.054056
28.678905,151,1548.923851
29.047623,151,1551.683116
33.310643,151,1554.450752
32.365156,151,1561.608835
30.453054,151,1564.406866
29.133243,151,1567.176721
32.5383,151,1569.940779
29.809711,151,1572.714918
30.11146,151,1575.473354
31.305599,151,1578.235854
29.686796,151,1581.013397
31.780005,151,1583.687094
32.022875,151,1586.376625
27.499304,151,1589.05068
6.134581,60,1590.155545
30.876186,151,1592.913861
30.676684,151,1595.665293
29.75181,151,1602.799113
32.835073,151,1605.552716
29.722922,151,1608.304529
29.74349,151,1611.0895
27.019791,151,1613.867837
29.418962,151,1616.664924
32.427084,151,1619.44665
30.745569,151,1622.219021
26.215834,151,1624.995971
26.167384,151,1627.75924
27.889004,151,1630.455305
28.84922,151,1633.145073
29.973762,151,1635.936841
26.741337,151,1638.683853
32.202578,151,1645.731516
27.34259,151,1648.490142
30.275019,151,1651.311901
32.945136,151,1654.083011
30.126628,151,1656.832938
30.191116,151,1659.616197
31.235919,151,1662.37668
29.868056,151,1665.127218
29.352372,151,1667.875689
27.991972,151,1670.648505
31.216186,151,1673.425325
32.274683,151,1676.090468
31.492444,151,1678.755322
28.867085,151,1685.750822
30.742017,151,1688.550718
33.274483,151,1691.328277
30.58428,151,1694.127102
32.450659,151,1696.900258
28.939632,151,1699.66088
30.085477,151,1702.413824
31.747965,151,1705.223446
31.354632,151,1708.023724
30.903158,151,1710.83898
34.951345,151,1713.67126
29.953091,151,1716.451335
34.082136,151,1719.24929
27.403491,151,1721.928259
28.733581,151,1728.9517
29.730286,151,1731.817945
31.570219,151,1734.649625
29.551111,151,1737.523831
26.49324,151,1740.293462
6.780316,54,1741.325189
14.211616,103,1743.192616
29.855634,151,1745.97562
28.204285,151,1748.734998
30.769494,151,1751.495276
31.603,151,1754.285427
31.868591,151,1757.066217
13.202663,105,1758.979228
28.59425,151,1761.739596
28.745426,151,1768.75911
30.528509,151,1771.412965
10.179264,78,1772.812329
12.976406,99,1774.557061
29.19239,151,1777.351851
10.844185,93,1779.03248
31.546968,151,1781.786372
31.181707,151,1784.531687
33.605706,151,1787.272616
31.58606,151,1790.026536
30.873433,151,1792.786388
29.821769,151,1795.53834
33.00551,151,1798.300482
29.880614,151,1801.038589
8.260873,58,1802.102029
30.787054,151,1804.845662
34.615048,151,1811.884086
13.16702,88,1813.450969
14.873306,116,1815.523159
29.473303,151,1818.198662
33.254885,151,1820.882492
17.013539,127,1823.19642
30.633025,151,1825.971918
28.552111,151,1828.792511
30.048812,151,1831.558541
30.823776,151,1834.395931
29.698039,151,1837.125893
12.710273,102,1838.985161
28.062094,151,1841.737869
30.462461,151,1844.521263
30.862211,151,1847.270017
29.291037,151,1854.338404
29.757209,151,1857.077562
30.138542,151,1859.814452
30.604659,151,1862.523805
29.626452,151,1865.207021
31.765547,151,1867.915242
30.054168,151,1870.714421
3.108535,29,1871.250132
28.8874,151,1873.995714
29.305892,151,1876.742369
29.799556,151,1879.493066
30.928606,151,1882.291918
28.87012,151,1885.043326
32.458698,151,1887.782464
32.050931,151,1894.838285
28.636538,151,1897.591392
33.390002,151,1900.338771
28.791309,151,1903.079896
28.732722,151,1905.83592
28.530726,151,1908.503226
31.736611,151,1911.174616
28.163243,151,1913.859547
29.605656,151,1916.573267
28.000691,151,1919.334389
31.138884,151,1922.092729
30.848292,151,1924.844398
31.698435,151,1927.621258
29.069618,151,1934.683632
28.494199,151,1937.43034
32.862029,151,1940.187909
32.029502,151,1942.943453
28.473371,151,1945.689581
29.046225,151,1948.421011
29.881076,151,1951.165781
26.318883,151,1953.899609
28.630962,151,1956.567776
29.60087,151,1959.258465
32.672907,151,1961.966506
29.110382,151,1964.707876
28.835682,151,1967.478717
31.647556,151,1970.255313
14.462908,116,1976.6902
29.622976,151,1979.51916
31.124146,151,1982.33258
28.658114,151,1985.099819
28.152967,151,1987.868821
32.116108,151,1990.622519
33.673134,151,1993.388386
32.575722,151,1996.262253
31.094333,151,1999.142356
29.585005,151,2001.875551
33.219158,151,2004.574367
29.627885,151,2007.262551
28.828343,151,2009.984339
29.140503,151,2012.784942
31.664622,151,2019.845027
31.232508,151,2022.689587
31.057235,151,2025.547564
34.676733,151,2028.305806
30.066925,151,2031.076436
31.304997,151,2033.850569
29.435992,151,2036.613951
32.356046,151,2039.387022
29.087961,151,2042.154546
33.967912,151,2044.947597
27.355309,151,2047.684738
29.481186,151,2050.351443
32.588374,151,2053.047713
28.23231,151,2060.025261
29.377227,151,2062.8478
30.778412,151,2065.651741
29.051277,151,2068.404408
29.043616,151,2071.215024
28.510495,151,2073.977752
30.005564,151,2076.740835
26.95695,151,2079.479895
27.624326,151,2082.249338
31.365132,151,2085.020608
31.557135,151,2087.827436
30.006588,151,2090.643915
30.389444,151,2093.460432
26.115559,151,2096.131444
28.993757,151,2103.137694
29.169768,151,2105.963522
31.375049,151,2108.760726
29.487212,151,2111.586071
32.18197,151,2114.384238
32.443645,151,2117.197676
29.856143,151,2119.978851
29.074542,151,2122.7621
29.871463,151,2125.533223
33.084463,151,2128.289893
27.333951,151,2131.048033
27.950858,151,2133.837205
32.958464,151,2136.648242
6.959661,52,2137.600781
33.41497,151,2144.690921
27.392658,151,2147.38622
32.245758,151,2150.106476
28.555251,151,2152.862065
32.001275,151,2155.606518
31.348598,151,2158.352944
33.309396,151,2161.107902
31.267736,151,2163.866914
28.682418,151,2166.601451
29.116091,151,2169.36841
30.518224,151,2172.141915
27.894635,151,2174.915019
28.953374,151,2177.678636
30.033285,151,2180.444419
30.792779,151,2187.426093
33.402025,151,2190.158239
27.004562,151,2192.869528
35.647496,151,2195.690227
33.101219,151,2198.489344
30.965049,151,2201.244086
30.302099,151,2203.988522
32.223852,151,2206.722808
30.362768,151,2209.485355
29.714124,151,2212.237543
30.754866,151,2214.994371
29.787922,151,2217.750697
27.004869,151,2220.495191
32.530031,151,2227.531011
29.558536,151,2230.302235
31.834844,151,2233.102666
30.777343,151,2235.777181
31.894915,151,2238.478476
27.850657,151,2241.163509
30.173895,151,2243.900429
29.465135,151,2246.672628
29.188418,151,2249.434692
30.00148,151,2252.211076
32.840278,151,2254.972125
32.888677,151,2257.740638
29.400269,151,2260.491264
31.359737,151,2263.242463
28.799656,151,2270.22514
30.824772,151,2272.986651
29.09637,151,2275.729539
33.363665,151,2278.479317
28.1877,151,2281.177171
30.842089,151,2283.850206
31.381206,151,2286.580814
31.648262,151,2289.317684
28.271397,151,2292.085728
30.501407,151,2294.82972
29.976267,151,2297.584006
32.053681,151,2300.346208
31.521754,151,2303.138503
32.654582,151,2310.146854
27.094339,151,2312.916177
32.432894,151,2315.661538
29.580834,151,2318.410215
33.244224,151,2321.165276
30.533542,151,2323.912014
28.270548,151,2326.649705
28.420876,151,2329.342268
32.528555,151,2332.055002
32.535553,151,2334.785525
33.389615,151,2337.540879
30.685812,151,2340.304527
31.633814,151,2343.117602
30.918578,151,2345.892161
29.572774,151,2352.859296
8.974655,91,2354.499
26.337746,151,2357.245033
28.639835,151,2360.000244
30.53189,151,2362.743953
28.443512,151,2365.485075
32.211966,151,2368.21777
28.285858,151,2370.989189
29.114835,151,2373.760458
27.897265,151,2376.470613
30.175757,151,2379.126575
31.406324,151,2381.818783
28.930308,151,2384.543564
28.505649,151,2387.302591
29.22237,151,2394.326392
30.106345,151,2397.059048
30.654138,151,2399.792509
28.33414,151,2402.54301
30.439799,151,2405.322313
12.065064,101,2407.17362
28.274865,151,2409.927312
29.632137,151,2412.733955
31.041213,151,2415.599895
30.193833,151,2418.405771
31.832402,151,2421.167353
27.969863,151,2423.840752
31.69713,151,2426.516339
32.42227,151,2429.181418
32.332655,151,2436.23759
28.704486,151,2438.98724
30.417507,151,2441.729566
30.265019,151,2444.471985
29.355031,151,2447.213556
30.478396,151,2449.963779
30.801142,151,2452.710159
31.977657,151,2455.4811
27.856087,151,2458.24449
30.89725,151,2461.065423
33.541505,151,2463.863382
27.689662,151,2466.648361
26.46978,151,2469.35687
31.070728,151,2476.303993
30.376361,151,2479.136411
31.563803,151,2481.957633
31.265652,151,2484.715109
31.744834,151,2487.468543
33.271418,151,2490.232713
30.279842,151,2492.993881
30.240249,151,2495.766395
29.916551,151,2498.519395
33.831581,151,2501.26888
30.079815,151,2504.022604
30.64261,151,2506.831994
31.827659,151,2509.634876
30.432745,151,2512.472794
28.113391,151,2519.6316
30.182467,151,2522.378341
29.073459,151,2525.135949
28.707693,151,2527.901548
33.03619,151,2530.71203
30.119449,151,2533.472048
5.466124,56,2534.512519
31.662698,151,2537.297368
30.436491,151,2540.061212
30.935447,151,2542.81284
18.7635,137,2545.309177
31.271219,151,2548.05687
28.643076,151,2550.818853
33.948415,151,2553.604588
31.735043,151,2560.718909
29.603781,151,2563.42257
31.360714,151,2566.115996
30.266429,151,2568.800693
27.319012,151,2571.519222
29.674167,151,2574.313668
4.37005,48,2575.204674
30.334572,151,2577.986017
31.962407,151,2580.755824
29.379397,151,2583.514187
28.100929,151,2586.268595
28.281965,151,2589.032737
26.415719,151,2591.77186
32.05487,151,2594.529769
31.364067,151,2597.276153
34.75359,151,2604.271662
29.156246,151,2606.935798
30.517018,151,2609.599565
32.301129,151,2612.263292
30.000383,151,2614.947876
14.971134,100,2616.703059
29.314475,151,2619.369495
31.581046,151,2622.061416
32.410119,151,2624.878772
31.09526,151,2627.759142
28.703243,151,2630.524137
29.752057,151,2633.30613
30.602065,151,2636.092295
