#{"t_start": 1774012363.3542948, "env_id": "continuous-highway-v0"}
r,l,t
5.846141,14,11.616175
1.72843,15,12.017384
1.068491,14,12.384099
6.305478,14,12.765251
5.989105,14,13.143471
0.794475,13,13.488257
5.858874,14,13.854114
2.294476,18,14.31455
4.440666,12,14.64498
1.249311,15,15.047275
6.084545,14,15.426282
1.309352,14,15.806412
5.559013,14,16.189328
0.888014,14,16.556452
1.611355,15,16.956289
5.945979,14,17.335775
3.957173,11,17.63397
0.014412,13,17.987715
4.576133,13,18.327198
0.422681,13,18.666869
5.563989,14,19.042028
1.363921,14,19.405787
6.627338,16,19.818503
6.180144,15,20.204911
4.590243,12,20.533
6.363696,16,20.956871
6.499715,15,21.360108
5.750394,14,21.724205
6.372428,14,22.100245
4.985553,13,22.454102
4.89882,13,22.807595
6.460648,15,23.213466
7.470104,15,23.613108
6.477682,14,23.989212
6.104831,14,24.352846
5.845307,14,24.730792
6.469009,16,25.153205
5.83618,14,25.515332
7.29259,16,25.939905
5.103628,14,26.319184
4.89109,13,26.675291
5.789401,14,27.055142
5.19891,13,27.395795
6.246734,14,27.759815
4.83108,13,28.098776
2.237527,16,28.519067
6.617018,16,28.940204
2.428018,16,29.363776
5.869618,14,29.725124
1.313315,15,30.136685
4.176514,12,30.452827
1.251454,14,30.83435
6.33415,14,31.220546
1.039803,14,31.583723
5.795114,14,31.966402
2.435976,17,32.426753
6.0512,14,32.802931
4.427094,12,33.119367
5.524892,14,33.495888
6.26009,14,33.865734
0.978178,15,34.262706
6.388503,15,34.665373
5.205102,13,35.06373
5.424553,13,35.486229
6.358124,14,35.863653
4.770204,13,36.218595
6.777737,16,36.638909
5.580406,13,36.990662
6.662764,16,37.411979
0.230839,13,37.763129
5.71804,14,38.123623
1.563779,15,38.524586
5.339144,13,38.866333
6.242776,16,39.288074
5.815064,15,39.674305
1.661914,14,40.049619
4.678468,13,40.416591
0.431431,14,40.792627
6.431509,15,41.178319
5.508634,13,41.523203
2.076611,16,41.946579
5.613716,13,42.299357
5.134359,13,42.640174
4.839132,13,42.992788
4.921698,12,43.308777
6.275558,15,43.708487
5.683495,14,44.084608
0.199826,13,44.425836
5.204661,14,44.789621
5.270666,13,45.130428
5.077105,13,45.484711
4.731491,13,45.8255
0.531235,14,46.203337
1.926337,15,46.597585
2.53173,16,47.024149
4.998634,13,47.37182
5.028755,13,47.727911
2.120513,16,48.165709
5.027946,13,48.50776
5.780972,14,48.886467
6.432767,15,49.2873
5.412666,14,49.663859
5.078806,13,50.017237
6.544932,16,50.440924
0.672133,14,50.818641
5.590011,14,51.195194
6.14393,15,51.602639
5.455217,13,51.956695
1.297169,14,52.333407
1.271919,15,52.720015
5.903774,14,53.083137
5.299499,14,53.447072
6.603214,16,53.870305
1.369785,15,54.256418
6.152157,14,54.632113
6.550633,15,55.032772
3.671784,11,55.30107
4.556188,12,55.61976
4.507031,12,55.937512
4.940139,13,56.278155
5.688997,13,56.624792
5.642282,13,56.9659
6.094459,15,57.366711
5.549414,14,57.745959
5.511149,13,58.099771
6.641146,15,58.490741
6.956596,15,58.904184
5.395027,13,59.245306
4.175781,12,59.563791
5.446736,13,59.917694
5.083845,13,60.259236
5.159267,13,60.601588
6.892733,16,61.024429
5.221244,13,61.378305
5.54361,14,61.759313
5.644607,14,62.122418
0.139865,13,62.476581
4.677323,13,62.830335
5.525005,14,63.207757
0.253495,13,63.549235
5.504201,14,63.925607
5.50249,14,64.30184
6.094984,14,64.678283
3.997843,12,64.994422
6.002969,14,65.370926
5.165274,13,65.724961
6.026488,15,74.410363
4.83032,13,74.765255
7.256919,16,75.175216
2.568963,17,75.62335
4.750359,13,75.964386
4.992218,13,76.318426
5.881726,14,76.69995
6.162764,15,77.100274
6.568161,15,77.513708
7.194292,16,77.937701
7.049231,17,78.38278
6.108213,15,78.782124
1.659712,15,79.192303
5.64845,14,79.566897
7.351889,16,79.988203
1.629529,15,80.39846
5.409001,13,80.736546
5.810327,15,81.126343
6.799832,15,81.517056
1.151015,14,81.891996
5.731438,13,82.244383
4.343118,12,82.572716
5.127728,12,82.90245
5.430496,13,83.24248
5.271555,13,83.582514
4.610347,12,83.899768
5.421541,13,84.22746
5.818905,14,84.592947
6.407324,15,84.993625
6.291395,15,85.394522
5.687656,14,85.757931
5.81397,14,86.12191
5.614395,13,86.478798
6.458069,16,86.905083
0.669946,14,87.269188
6.304634,15,87.669356
0.845674,14,88.045394
6.004085,14,88.409592
4.681268,13,88.750917
5.752171,14,89.128435
6.837186,16,89.56496
1.860238,15,89.966611
5.882998,14,90.343867
5.793289,14,90.721184
1.308546,14,91.099298
5.245183,13,91.441305
5.252182,12,91.751157
6.009834,15,92.151217
5.993178,14,92.529395
6.621991,15,92.917867
6.161563,15,93.31949
6.201807,15,93.718837
5.365025,14,94.071217
4.30324,12,94.402567
6.187842,15,94.789552
0.75775,14,95.154819
5.359898,13,95.496587
5.812602,14,95.875032
5.624202,14,96.250494
5.183447,13,96.607265
5.758584,14,96.982613
4.539645,13,97.321431
5.366243,13,97.660916
1.057603,14,98.023624
5.377068,13,98.375677
4.965884,13,98.727783
6.781526,15,99.126439
6.523141,14,99.489537
4.992386,13,99.833928
4.268487,12,100.164983
6.148613,15,100.566444
5.696732,14,100.942847
1.735938,16,101.365788
6.576906,15,101.769918
7.066884,16,102.205453
0.915713,14,102.582512
5.837543,13,102.934886
5.341247,13,103.274579
6.274519,15,103.661139
5.409778,14,104.023735
4.37779,12,104.341477
5.000444,13,104.694454
0.880491,13,105.034781
5.518337,13,105.361029
5.225651,13,105.701418
4.163412,12,106.032284
5.229593,13,106.385267
4.913359,12,106.718226
0.359001,14,107.094776
5.621185,14,107.471036
5.15324,13,107.810034
4.110489,12,108.112976
2.287177,16,108.535917
4.784479,13,108.849409
6.023921,14,109.211825
5.516105,14,109.575664
6.617441,15,109.963102
5.2788,13,110.289645
6.698949,15,110.662264
1.27531,14,111.024566
5.928786,14,111.388937
0.544625,14,111.756458
0.646601,14,112.133224
5.823587,14,112.509253
5.351289,14,112.873096
1.777763,15,113.273269
1.063845,14,113.650895
6.749053,16,114.071432
6.180677,14,114.447113
5.825614,14,114.822018
0.619094,13,115.161566
5.001454,12,115.49015
5.843297,14,115.864725
6.257261,15,116.261105
4.816982,13,116.615651
5.42613,13,116.954516
4.970423,13,117.306681
5.355508,13,117.660394
1.805975,15,118.048379
6.023059,14,118.423467
5.193276,13,118.776231
5.195944,13,119.129061
5.265532,13,119.468449
5.780766,14,119.83102
6.260456,15,120.230207
5.577533,14,120.592902
6.313179,14,120.968095
5.315389,14,121.329989
4.229899,12,121.650986
6.738296,15,122.036767
5.941895,14,122.40115
0.009344,13,122.741893
6.370107,16,123.165157
6.447437,14,123.533557
5.048097,13,123.87718
5.193668,13,124.231767
0.9642,15,124.632899
6.117548,14,125.011448
2.458468,18,125.482337
1.023481,14,125.859055
1.614675,15,126.24636
5.390912,14,126.627779
5.345412,13,126.981789
0.8009,14,127.359584
5.200944,14,127.737131
6.025889,14,128.1141
3.38886,10,128.398969
5.238226,14,136.771283
6.350605,15,137.172339
4.185934,12,137.490924
5.003382,13,137.831836
5.51555,14,138.208718
5.34217,14,138.586361
6.303749,15,138.987399
5.550618,13,139.328315
1.116638,14,139.704521
5.714136,13,140.046127
5.405023,14,140.408205
5.564886,14,140.782682
5.009477,13,141.134534
5.94558,14,141.511142
5.583404,14,141.887754
5.217942,13,142.241337
4.863715,13,142.57996
5.352605,13,142.919805
5.499605,14,143.295631
6.710747,15,143.682218
5.747216,14,144.059064
7.184359,17,144.491733
5.615679,14,144.85651
4.611628,13,145.210913
6.106352,15,145.599183
4.813716,13,145.954543
1.359249,15,146.359109
5.836114,15,146.750568
5.511144,14,147.210093
5.794322,14,147.589192
5.920077,15,147.989693
1.146863,15,148.390489
5.393096,14,148.767426
6.067634,14,149.145759
5.71599,15,149.545898
6.910611,16,149.970047
4.719409,13,150.313178
5.080613,13,150.669081
5.936775,15,151.070908
6.074162,15,151.473299
6.032088,15,151.866967
4.960832,13,152.208796
5.491341,14,152.588343
4.740141,13,152.942543
1.120829,14,153.320645
5.188309,13,153.662882
5.427489,13,153.99219
6.372939,15,154.391946
6.136818,16,154.817182
1.588507,16,155.254241
1.252589,14,155.625074
4.455007,12,155.94735
5.681207,14,156.315426
5.283157,15,156.731341
5.06858,13,157.087394
5.723566,14,157.463494
5.314517,13,157.807219
5.057666,13,158.165032
5.609744,15,158.568556
5.652695,15,158.9552
5.439837,13,159.310052
5.911746,14,159.674643
6.349252,15,160.076615
5.795382,16,160.487995
6.745366,16,160.92483
1.240554,16,161.347949
2.871862,17,161.798946
2.281991,17,162.24533
4.978926,13,162.599847
5.822857,15,163.001209
0.546316,14,163.388595
5.681583,14,163.767439
5.264391,14,164.131304
4.763857,12,164.462094
5.36793,13,164.806661
6.279571,15,165.201966
7.237841,17,165.637559
5.196266,13,165.991553
2.088479,17,166.426489
7.093743,17,166.880088
4.875152,13,167.222098
7.654694,18,167.711784
6.179397,15,168.127743
6.910759,15,168.59017
4.940335,13,169.027891
6.108017,15,169.432471
6.04,16,169.858407
6.542689,15,170.260073
5.789512,14,170.625147
5.073623,14,171.003513
5.623433,14,171.382346
5.575807,14,171.767331
1.667738,16,172.193314
5.351579,15,172.581583
1.291578,15,172.983688
6.394431,15,173.385069
4.865951,13,173.740779
5.092114,13,174.096524
2.334537,18,174.557002
6.505702,16,174.998388
6.273441,15,175.387022
6.322822,15,175.775948
2.696826,17,176.232119
4.320022,12,176.554127
6.019702,15,176.96629
5.193594,14,177.335035
4.887797,13,177.677418
5.735487,14,178.045785
6.171141,15,178.449456
4.656299,12,178.767679
5.993178,15,179.170499
4.892209,13,179.514137
5.908416,14,179.880213
6.601921,15,180.281648
5.317456,14,180.646642
5.726974,14,181.014987
5.784198,14,181.395538
6.037924,16,181.828662
2.066199,16,182.24161
5.250565,14,182.607685
6.250031,15,182.998223
0.322284,13,183.356234
4.407849,13,183.697616
5.862774,14,184.078836
0.284606,14,184.446306
4.594075,12,184.778316
6.076267,16,185.204621
2.279103,17,185.65755
1.249559,14,186.052516
5.949026,16,186.478477
6.000717,15,186.873193
4.064955,12,187.193213
6.46902,16,187.618708
6.535129,15,188.021849
0.663509,14,188.402094
5.517024,13,188.745333
6.735124,17,189.206326
5.283839,13,189.549261
0.599801,14,189.930062
6.496467,16,190.356214
5.09815,14,190.735175
5.466197,14,191.101195
5.476689,14,199.544069
6.344514,16,199.970911
2.205775,17,200.417346
5.701287,15,200.819811
4.954843,13,201.163363
6.965355,16,201.602181
5.108845,13,201.961639
4.257047,12,202.281753
6.447902,17,202.732195
2.136545,16,203.155996
6.879577,17,203.602937
0.705489,14,203.979815
7.332475,17,204.412508
6.333214,15,204.812355
0.946922,14,205.189299
4.864348,14,205.553477
6.04665,15,205.940513
6.245921,15,206.34008
6.505036,15,206.741285
0.549237,13,207.102496
6.312645,15,207.505802
6.814736,16,207.930101
6.458739,15,208.330451
6.364976,16,208.753613
5.085198,13,209.095692
5.764029,14,209.472922
6.641395,15,209.873958
5.485023,14,210.238333
4.973152,13,210.58046
1.220318,15,210.96778
4.216277,12,211.285316
5.606698,14,211.650117
5.787791,15,212.055557
6.984701,17,212.503184
5.044938,13,212.843666
6.797105,17,213.292089
6.084448,15,213.680835
4.94127,14,214.047073
7.026176,16,214.47272
4.578426,13,214.831718
6.771911,17,215.281173
6.846693,16,215.704398
6.35878,15,216.106909
5.468678,14,216.487174
4.449901,12,216.793092
6.163587,15,217.198054
5.755946,15,217.571831
7.083862,16,217.997489
6.023714,15,218.386327
7.403889,18,218.87094
6.028104,15,219.258184
6.184018,15,219.660666
4.880068,13,220.003573
5.350292,14,220.383954
5.380325,14,220.74962
0.201549,14,221.115964
6.544991,15,221.519962
6.056056,14,221.899166
6.125302,15,222.299522
1.415088,15,222.69899
4.953032,14,223.075382
2.312976,17,223.536823
5.013989,13,223.878326
6.233823,15,224.27917
5.941698,15,224.667001
6.482383,16,225.091093
6.751228,16,225.528456
4.790936,14,225.894023
6.855402,16,226.331941
5.433644,14,226.71
6.183232,15,227.114496
5.057998,14,227.491557
6.547435,16,227.916894
4.354913,12,228.22361
1.951912,16,228.647188
1.374316,16,229.071041
6.025481,15,229.472688
5.822235,13,229.827213
5.427481,13,230.154705
6.600235,14,230.519201
5.594716,13,230.860245
7.211272,17,231.306231
5.179074,14,231.670017
5.068876,13,232.026637
5.546763,14,232.39203
6.555567,16,232.816559
6.487466,17,233.264217
5.001943,14,233.629798
6.507992,16,234.055046
4.099383,12,234.347013
4.979193,13,234.687818
5.432136,15,235.087631
5.844879,14,235.467256
4.795821,13,235.812217
5.610809,15,236.202872
4.439532,12,236.535781
6.246526,15,236.928261
6.664677,17,237.390661
6.06601,15,237.777615
4.917692,13,238.119931
4.396182,12,238.439736
6.200971,15,238.828393
0.155027,13,239.184759
4.764576,14,239.549964
5.5238,15,239.952502
5.072663,14,240.317896
1.119612,15,240.719854
5.08596,14,241.081351
4.966069,13,241.421175
6.237081,16,241.843238
5.657588,15,242.244795
5.545112,14,242.620992
5.36654,14,242.998386
4.737551,13,243.362979
4.322388,12,243.66949
5.880958,15,244.056252
6.183518,15,244.428717
5.548248,14,244.792658
5.940534,14,245.157607
5.646353,15,245.545859
6.779804,15,245.947828
5.679501,15,246.34948
5.208346,14,246.701234
5.516051,14,247.068115
5.215998,13,247.424187
6.282226,15,247.812587
5.827634,15,248.213353
6.224398,15,248.615093
2.233325,17,249.064158
6.767637,15,249.465668
2.877481,19,249.972832
5.988265,14,250.351421
7.086812,19,250.846358
2.320987,16,251.273081
5.393009,13,251.617883
4.462268,13,251.977869
4.577133,13,252.335441
2.485674,17,252.785608
5.243598,14,253.164448
6.04466,15,253.567521
4.26344,13,261.967489
5.696919,14,262.333903
5.838462,16,262.759211
6.375369,17,263.194885
5.281551,14,263.573057
4.872566,13,263.92811
6.688717,16,264.35307
5.360703,13,264.695805
5.742585,15,265.086308
6.048277,15,265.488402
4.690221,13,265.843341
5.036436,13,266.172499
4.978964,13,266.516904
4.368314,13,266.873654
7.875307,20,267.391845
5.603077,14,267.768939
7.609931,19,268.247145
1.156329,15,268.648131
5.393152,15,269.035399
5.283006,14,269.412801
6.186748,15,269.812841
1.518379,16,270.238064
5.037123,13,270.593884
5.11638,13,270.936639
5.219367,14,271.314335
1.287713,15,271.70294
6.197051,17,272.152545
5.413835,14,272.530342
6.864707,17,272.964777
5.278213,14,273.343491
7.074156,17,273.790577
4.949143,13,274.14445
5.273501,14,274.521982
5.823306,15,274.910524
5.969467,15,275.313494
5.715298,15,275.714748
5.05309,13,276.057672
5.132513,14,276.436544
6.320022,17,276.885325
5.087334,13,277.229475
5.928167,15,277.618075
7.515487,18,278.089128
5.847499,14,278.454784
6.638806,17,278.904134
6.212392,15,279.309225
5.02011,13,279.668068
5.006225,13,280.023913
4.90899,14,280.463249
7.214191,17,280.916512
5.664437,14,281.284092
5.031946,13,281.641126
5.285568,14,282.010171
6.203622,15,282.415721
1.248089,16,282.829854
2.583557,19,283.350999
6.25246,16,283.777309
6.631156,16,284.192216
6.121561,14,284.572873
1.202154,15,284.975025
5.631853,14,285.35526
1.393689,16,285.783612
7.073549,17,286.232875
5.325037,14,286.607746
5.77025,14,286.987195
6.829969,16,287.410618
6.093892,16,287.820254
6.2717,16,288.24221
4.363701,13,288.582809
6.122139,14,288.956455
6.278305,15,289.344496
5.801452,15,289.747463
5.20146,13,290.106498
6.811887,16,290.544701
5.489863,14,290.910136
4.858967,14,291.274551
5.012601,15,291.675018
6.582283,16,292.090403
6.54913,17,292.565866
6.185614,15,293.034826
5.602378,15,293.499987
5.702598,15,293.90388
4.759239,13,294.246256
5.879808,15,294.647251
5.123307,14,295.012373
6.284197,15,295.414411
5.758283,14,295.779977
5.764579,15,296.181331
2.954538,19,296.690022
6.440491,16,297.12064
2.860187,18,297.57977
1.239971,16,298.005461
5.112928,14,298.401296
1.047135,15,298.779507
7.581704,18,299.251941
6.157024,14,299.630726
3.687653,11,299.926661
5.156069,14,300.308018
4.244092,12,300.626875
5.116209,14,301.006356
6.50999,16,301.433048
6.650102,17,301.884468
4.7972,13,302.2445
5.576332,15,302.646021
5.603875,15,303.048876
0.866108,15,303.452433
4.7432,13,303.794385
4.918418,13,304.136961
7.89503,19,304.649194
5.428928,15,305.055681
1.313154,15,305.4563
5.984755,15,305.855694
6.424454,15,306.254857
6.171156,16,306.690224
5.524428,14,307.071498
6.567333,16,307.496951
0.569438,14,307.861765
6.602722,17,308.309426
5.165626,14,308.673964
1.430816,16,309.086504
1.481007,16,309.513507
1.183572,15,309.902869
1.7124,17,310.351237
5.807326,16,310.775199
6.104219,16,311.200181
6.216836,15,311.603197
7.597143,18,312.080253
5.448335,14,312.446566
5.795994,16,312.872134
5.99522,15,313.275777
5.947775,14,313.653075
6.931774,16,314.064852
4.971545,14,314.430248
5.297039,14,314.81127
6.189183,18,315.283357
5.248951,15,315.672523
4.853722,14,316.04021
2.177387,18,324.688483
6.872017,16,325.112581
6.149371,15,325.499215
7.734196,19,325.981531
6.240872,16,326.393643
6.974562,19,326.886343
2.194492,17,327.337248
5.96218,16,327.764498
5.882236,15,328.167065
6.06383,16,328.579406
5.390815,14,328.957474
-0.234787,13,329.314151
1.28047,16,329.741771
5.892562,15,330.142385
5.798991,15,330.530716
4.633478,13,330.887465
2.666292,19,331.384494
6.793453,17,331.831239
2.536402,19,332.343781
5.113338,13,332.686363
5.862891,15,333.088736
7.184637,19,333.583569
5.868352,15,333.983719
2.051811,18,334.454634
5.972851,15,334.855052
5.836793,16,335.278074
6.275902,16,335.701146
6.451931,16,336.125875
6.387688,15,336.528832
6.261732,16,336.956126
6.998248,19,337.467988
5.801249,15,337.857044
6.05646,15,338.246251
6.166687,15,338.647696
5.378653,14,339.026036
7.069365,16,339.437031
5.682186,15,339.837711
5.131385,14,340.215442
5.529367,14,340.59372
5.424022,14,340.958822
5.33922,15,341.36131
7.438628,18,341.833375
6.349439,15,342.23919
1.756514,17,342.689513
5.781722,14,343.068764
6.591461,16,343.493449
5.695002,14,343.872097
1.701566,16,344.297767
6.072514,16,344.723021
6.968814,17,345.171933
0.943812,15,345.574431
8.009098,20,346.092406
4.719291,14,346.460209
6.229894,16,346.8861
6.66228,18,347.359708
6.606962,15,347.763415
6.837147,16,348.189303
4.268212,13,348.544423
3.947568,13,348.887212
5.502468,14,349.267442
7.420896,19,349.764364
5.950466,15,350.165482
6.370065,16,350.590764
7.023318,17,351.052698
8.329561,20,351.559868
5.603181,14,351.925796
5.795814,15,352.316777
5.623559,15,352.704485
1.108157,16,353.128286
6.563358,17,353.574316
6.170156,16,353.996177
5.171175,13,354.336648
4.92954,14,354.714115
2.658348,19,355.207507
6.360395,16,355.619006
6.406538,16,356.043087
6.687097,15,356.44433
6.778329,17,356.904249
5.485714,14,357.270459
5.624053,14,357.648373
5.338652,13,357.990545
4.022924,12,358.321499
5.781901,15,358.723004
6.546193,17,359.15839
5.319946,15,359.532586
1.779705,15,359.906224
7.046924,17,360.356645
5.364924,14,360.721116
5.887709,15,361.097541
7.154875,17,361.53236
5.352508,14,361.884588
6.230409,16,362.312263
4.725536,14,362.664046
5.983561,15,363.051549
7.345666,18,363.534653
7.450846,18,364.019571
6.47318,16,364.42977
5.53062,15,364.830843
5.724957,15,365.21794
6.743799,17,365.653104
5.297312,15,366.055736
5.888941,15,366.458236
5.890362,15,366.847822
4.45104,13,367.205405
5.576785,15,367.595057
4.969065,14,367.947918
5.655001,15,368.337547
5.344969,14,368.716958
5.239075,14,369.097014
5.452483,14,369.475529
6.68056,17,369.923569
6.787506,16,370.349616
5.086301,13,370.705503
6.614305,16,371.130578
5.760015,16,371.555934
6.120648,15,371.959415
5.661604,14,372.326015
0.263758,13,372.66781
6.086974,15,373.041976
6.551582,16,373.452911
7.767631,18,373.922314
5.124997,14,374.286715
5.01726,14,374.650703
5.694224,15,375.051367
6.328139,16,375.476935
5.717205,14,375.855028
6.043035,15,376.255993
0.467557,14,376.621101
5.764726,15,377.01033
5.787505,16,377.43721
7.487201,19,377.931269
5.357978,14,378.296774
5.886495,15,386.831668
6.180975,15,387.223583
6.730971,18,387.682773
6.139647,15,388.072227
6.052989,16,388.484297
4.846642,13,388.837974
6.294438,16,389.236865
5.873138,17,389.683773
7.353597,18,390.155826
6.380195,16,390.581782
6.390245,16,391.007145
5.977073,16,391.418299
7.055604,16,391.817439
5.884855,16,392.233363
4.964082,14,392.601793
5.453746,15,392.992216
5.958451,16,393.405051
5.604786,14,393.772672
4.356109,14,394.153106
5.209526,14,394.532719
7.111925,18,395.004699
7.289116,17,395.466709
5.25566,15,395.855409
5.980332,15,396.257288
1.197947,16,396.683364
4.98913,14,397.049202
4.318259,13,397.408495
6.659686,17,397.857628
4.677369,14,398.222336
5.8724,16,398.648943
5.703209,14,399.027443
5.038055,14,399.406267
0.850858,15,399.809505
4.307107,13,400.15202
4.962751,14,400.515805
5.738289,15,400.888937
6.832883,17,401.321821
5.128067,14,401.685856
5.763787,16,402.107835
5.821303,15,402.499254
6.166644,16,402.928945
6.251157,16,403.342069
5.121332,15,403.786767
7.398455,19,404.280826
6.992737,17,404.731723
5.745067,14,405.096806
5.529536,15,405.49859
4.419584,13,405.854514
7.635759,21,406.410659
6.637912,17,406.86068
5.339949,14,407.243098
7.04762,19,407.75039
5.008645,14,408.13114
2.303648,18,408.589818
6.723829,17,409.024057
6.529829,16,409.448426
2.80064,20,409.98085
5.659272,15,410.370388
4.715632,13,410.69902
6.40408,17,411.148417
3.874243,12,411.481555
4.285169,13,411.835815
6.614449,17,412.29732
5.93327,15,412.701973
5.712913,17,413.158794
4.985736,14,413.524781
6.581151,16,413.950109
1.164021,15,414.353554
6.071533,17,414.790639
4.967776,14,415.160271
6.122683,16,415.595252
6.59277,18,416.144535
1.641498,17,416.68687
2.165285,18,417.15023
6.200719,18,417.653126
6.391652,16,418.080812
2.801291,19,418.577466
6.405797,18,419.049717
5.851988,16,419.475715
5.729312,15,419.879135
6.066847,16,420.305598
6.60173,16,420.728999
5.887671,16,421.15159
1.847109,18,421.626256
6.502075,16,422.050194
6.897417,17,422.501778
6.542391,17,422.948381
2.688555,19,423.442387
5.997647,15,423.827767
5.719453,15,424.227902
8.272509,19,424.735925
2.667097,18,425.208617
1.526109,16,425.633438
7.898927,20,426.165651
2.330592,18,426.649184
6.212373,18,427.119293
6.405316,16,427.551174
6.874764,18,428.022531
5.461758,15,428.411086
5.262996,14,428.776065
5.67417,15,429.177699
7.126438,19,429.67214
5.792717,15,430.074125
4.041845,13,430.416886
6.484281,16,430.842796
6.469848,16,431.266647
5.538074,16,431.690954
7.092642,19,432.174399
1.8707,17,432.62775
5.449928,14,432.994513
6.832271,16,433.406703
5.066138,15,433.810527
1.383084,17,434.260922
1.622695,16,434.673428
5.668813,15,435.076424
7.965361,20,435.596546
6.31411,16,436.024198
6.146075,15,436.413579
5.295348,15,436.816877
4.640827,15,437.206072
5.081927,15,437.615826
5.902818,16,438.042961
5.759027,16,438.458029
3.961349,12,438.763816
6.368509,17,439.213692
6.68345,17,439.649143
6.881517,17,440.099867
6.62208,16,440.515055
6.152796,16,440.955984
6.17973,16,449.604388
7.764207,18,450.060125
5.698949,16,450.481851
5.739949,15,450.868399
6.663285,18,451.337469
4.567562,13,451.663751
6.798295,18,452.133175
5.569995,14,452.499642
2.442121,18,452.968505
6.798663,18,453.439373
5.363853,15,453.826021
6.736006,17,454.272509
7.397272,19,454.765242
7.373372,20,455.28162
6.285387,16,455.70626
6.78018,16,456.119337
6.042946,16,456.528692
5.987395,16,456.938692
6.580604,18,457.414161
6.20797,17,457.861287
5.870431,15,458.24898
6.00044,16,458.660134
6.264821,17,459.121622
5.949336,16,459.534838
5.737769,17,459.982051
7.465933,20,460.498892
5.842594,17,460.946455
5.199711,15,461.350162
6.554446,17,461.80048
7.76679,20,462.317054
5.936446,17,462.766564
5.988617,16,463.191811
5.888894,17,463.639401
6.256088,17,464.086179
6.547791,18,464.55792
5.885412,16,464.983413
7.166244,20,465.486946
6.689811,18,465.959414
5.487789,16,466.385901
5.905359,16,466.811467
6.648185,17,467.259873
6.553712,17,467.698251
6.518915,16,468.123331
5.458701,15,468.525874
6.146716,17,468.974494
5.412473,16,469.399892
7.00513,19,469.895107
2.27158,18,470.370718
7.860618,20,470.888363
4.11708,12,471.206329
6.223501,17,471.639595
2.928322,21,472.179481
1.60885,17,472.618757
4.734964,13,472.948533
5.693552,16,473.358499
1.502842,17,473.805669
6.46351,17,474.240054
5.147872,15,474.643115
6.927636,19,475.137549
6.322952,17,475.586327
5.835458,17,476.037116
6.160926,16,476.463065
7.43703,20,476.993351
6.205561,17,477.445765
7.532744,20,477.978115
6.418652,16,478.389838
4.639217,14,478.756101
6.57538,17,479.205809
5.368193,16,479.63094
5.648011,15,480.033889
6.101392,17,480.468117
4.965999,14,480.835331
6.886834,18,481.306537
5.866349,15,481.708764
5.557936,15,482.084647
5.956377,16,482.500236
5.431163,16,482.91394
5.134548,15,483.316634
6.950345,19,483.812325
6.220327,18,484.284737
6.386097,17,484.733757
7.364903,21,485.289066
5.770452,16,485.700383
5.447848,14,486.081274
1.829328,18,486.554028
4.600077,13,486.90917
4.832605,14,487.288102
6.340797,17,487.741164
5.370061,15,488.129914
5.34427,16,488.555785
5.004262,16,488.981534
2.218837,18,489.454479
6.026061,16,489.880647
7.251032,18,490.353587
5.352921,16,490.778955
5.799216,17,491.229733
6.518027,16,491.626366
6.504641,17,492.071153
6.37479,16,492.496551
8.025341,20,493.099743
5.843081,15,493.591663
6.687583,17,494.129879
5.83197,16,494.617732
6.263598,16,495.037905
5.413296,15,495.421515
1.903112,18,495.903818
6.744547,18,496.357432
4.276616,14,496.706996
6.107375,16,497.118065
6.57259,16,497.532646
6.337988,17,497.979834
2.964553,20,498.508259
5.799491,16,498.930905
7.087337,18,499.40109
5.544707,15,499.787498
6.038419,17,500.233279
6.782411,18,500.690757
5.809658,15,501.09186
6.148152,16,501.502195
5.104055,14,501.879171
7.352703,19,502.360006
6.164572,17,502.812289
6.525027,17,511.393262
6.165362,18,511.861584
4.488047,13,512.200681
6.461652,17,512.648761
5.539452,15,513.04645
4.911466,13,513.399383
7.065476,19,513.877598
6.506145,16,514.287998
6.995504,19,514.779811
6.447896,17,515.227027
6.910447,19,515.718572
7.560597,19,516.211919
6.636615,16,516.622745
6.256747,16,517.048554
0.754032,16,517.48897
2.507215,19,517.984546
6.286907,15,518.37354
5.167668,15,518.763077
6.567266,17,519.208938
6.536959,16,519.631811
5.36247,14,519.996784
3.407551,20,520.528132
1.98284,17,520.975964
3.886813,12,521.293189
2.645148,21,521.845832
5.954655,16,522.270234
5.379038,15,522.674278
6.091384,15,523.061627
5.600692,16,523.47359
6.355232,17,523.921064
1.544123,18,524.404785
2.412314,18,524.875232
1.973473,19,525.371162
9.264192,24,525.994636
6.057605,16,526.42307
6.682208,17,526.859658
2.34582,19,527.431056
4.896452,14,527.8128
6.617852,17,528.262721
7.706024,19,528.761237
6.266981,16,529.189856
7.914176,21,529.733754
3.693694,20,530.262846
5.66351,16,530.676058
6.433958,17,531.11
2.700366,20,531.626373
6.738808,17,532.05877
6.263065,15,532.449043
6.695942,17,532.894162
5.71722,15,533.292691
5.740745,16,533.701476
5.56943,15,534.101223
5.659059,15,534.502587
6.982542,19,534.981441
4.287473,13,535.335796
6.518835,16,535.768715
4.656452,14,536.131437
0.991245,16,536.542319
5.461258,15,536.943037
0.897605,16,537.338608
6.231949,17,537.774489
6.95619,17,538.22151
2.341986,18,538.692274
6.110987,16,539.116279
4.46809,14,539.494591
6.394231,16,539.918087
2.238049,17,540.365786
7.772363,19,540.860071
7.027811,19,541.383017
7.503207,18,541.853108
6.788782,18,542.323203
5.317627,14,542.690885
5.405233,15,543.081848
5.252717,14,543.447358
3.768465,12,543.752557
4.557122,14,544.117974
4.256541,13,544.460052
2.772266,19,544.97211
5.608031,16,545.397123
6.500839,17,545.848574
2.560564,18,546.321668
5.599273,16,546.734232
1.42633,16,547.146423
3.825638,23,547.763018
7.742799,20,548.358913
5.250652,15,548.825627
6.462296,18,549.296315
6.381716,16,549.724447
5.587851,15,550.115477
5.666965,14,550.48212
0.785311,16,550.894381
5.994088,15,551.285912
4.78629,14,551.668961
6.722999,17,552.118755
6.368329,17,552.561845
5.139676,15,552.950895
6.851177,18,553.422897
6.504276,17,553.875089
7.094089,19,554.370596
6.146244,16,554.794669
6.577365,17,555.230203
3.361492,21,555.784516
6.966179,16,556.208385
5.609375,16,556.633853
5.579577,16,557.046791
1.322925,16,557.476583
7.842922,20,557.998747
5.328364,15,558.401549
4.940259,15,558.791857
5.716441,15,559.194191
5.742926,15,559.596779
6.861957,17,560.019621
5.294557,15,560.410386
5.289613,15,560.813505
6.108452,17,561.260964
7.201347,19,561.75588
7.231158,18,562.216105
4.392998,13,562.564815
4.864356,15,562.967126
1.128806,16,563.378567
6.005356,15,563.768588
2.175475,16,564.193162
7.966107,20,564.711509
6.812802,19,565.207295
6.805535,18,573.959718
7.258153,19,574.455091
5.118837,15,574.857389
5.675122,15,575.259154
8.1501,21,575.803511
5.427409,15,576.206606
4.94592,14,576.584107
4.562083,14,576.963297
5.578232,15,577.341197
4.866186,14,577.697438
0.429714,15,578.0871
5.025984,14,578.452711
6.097087,17,578.904236
0.346875,15,579.296998
5.518992,15,579.699555
2.280245,19,580.195332
5.535064,16,580.622304
4.126868,13,580.962838
5.876988,18,581.431817
6.700138,17,581.868023
5.927066,15,582.242362
5.583121,15,582.628456
4.400518,14,583.008839
6.209209,16,583.420794
5.097644,15,583.821581
7.194397,18,584.291345
5.873044,17,584.739331
6.909289,18,585.209706
5.351955,15,585.611029
5.524127,15,586.013184
5.351197,16,586.422852
5.621923,15,586.809254
8.572303,22,587.361139
7.05122,18,587.822105
6.671427,18,588.279316
6.613295,17,588.726846
6.19619,15,589.129353
6.588244,18,589.599482
6.223854,16,590.009909
4.229641,13,590.351005
6.03466,16,590.776151
5.85164,15,591.177867
6.243541,16,591.589516
5.095219,14,591.957084
5.778571,16,592.383404
6.936108,17,592.834354
6.525643,17,593.269121
4.6487,15,593.65722
6.880808,18,594.130485
2.226236,21,594.671812
8.066964,22,595.248801
7.491952,20,595.781184
4.575725,14,596.148051
5.700109,17,596.584284
6.841101,18,597.068602
5.137523,15,597.457813
7.689845,20,597.982051
5.120268,15,598.35704
5.642564,16,598.754639
7.678413,19,599.252473
6.771618,18,599.738782
6.380682,17,600.173498
6.059848,16,600.568817
6.889299,17,601.005404
7.30554,20,601.524852
6.071207,17,601.972609
5.393445,15,602.360279
2.364998,19,602.856557
8.250321,21,603.411742
6.120782,17,603.859113
5.910929,16,604.270157
6.871091,18,604.740366
7.475963,20,605.256579
5.50063,16,605.668882
6.052537,16,606.091021
7.514014,20,606.621903
7.347779,19,607.119018
5.926954,16,607.543243
6.028436,16,607.956346
5.411871,15,608.346193
6.684608,18,608.82003
1.948571,19,609.302986
2.565595,20,609.838868
1.070313,16,610.265302
6.443149,17,610.70171
7.296385,18,611.175114
7.648416,19,611.683763
6.226387,18,612.157295
1.321903,17,612.595129
5.837165,15,612.972842
6.282176,17,613.433295
6.745224,17,613.868155
6.712751,19,614.377002
5.4438,15,614.764567
4.596753,15,615.152436
6.461158,17,615.602462
4.247597,13,615.944667
6.728165,18,616.417348
6.748847,18,616.888398
5.62201,15,617.277229
1.77965,18,617.752983
4.454942,15,618.154539
6.697052,18,618.625584
6.44803,18,619.098417
5.426225,15,619.500193
4.981468,14,619.864724
4.542879,14,620.230272
5.065148,15,620.619887
1.934108,17,621.058345
6.624937,18,621.530398
5.129055,15,621.920635
2.191759,18,622.391336
7.144761,18,622.867077
6.567929,18,623.337029
4.865774,15,623.72397
5.266623,16,624.133733
7.2404,17,624.570157
3.854505,13,624.911718
6.119365,18,625.36757
5.852396,15,625.768865
4.319753,13,626.10873
6.47127,17,626.554897
5.979749,16,626.978798
5.48978,15,635.553642
4.581273,13,635.881325
6.056307,16,636.305879
6.748014,18,636.776304
4.587087,14,637.127427
6.338894,17,637.576107
6.102032,16,637.988088
5.488793,15,638.389729
6.557344,18,638.862117
6.984298,17,639.310374
6.837664,18,639.779625
7.532965,18,640.251537
1.024206,16,640.676085
6.597946,17,641.125271
7.103747,19,641.633312
5.804207,16,642.05707
6.052245,16,642.48141
5.390513,16,642.908284
6.176888,16,643.334321
5.973234,16,643.746189
1.756953,17,644.194937
7.431956,18,644.667263
6.617755,17,645.103631
5.397694,15,645.491171
5.366685,16,645.903069
5.837064,16,646.329938
5.689112,15,646.732949
6.604041,17,647.181998
6.251515,17,647.617404
4.775671,14,647.999788
5.47356,15,648.388961
6.744153,18,648.861216
5.290107,14,649.227506
5.953095,17,649.677414
7.967821,21,650.219948
7.093457,19,650.716065
4.224571,13,651.072706
5.634884,15,651.477023
6.863057,18,651.949227
5.212358,15,652.336614
5.073693,14,652.715257
6.434438,17,653.151381
4.916782,14,653.517628
5.100872,15,653.919531
8.15789,20,654.434698
6.424327,17,654.884136
6.784908,18,655.353345
6.139823,17,655.786721
6.746356,17,656.235137
5.324907,15,656.623411
6.582901,17,657.061439
6.319007,16,657.487402
6.892204,19,657.985263
7.27547,19,658.467934
5.862608,15,658.859908
5.628014,15,659.266126
4.566343,14,659.646195
6.114852,17,660.182067
7.29947,18,660.655104
1.431876,16,661.068643
1.142305,16,661.482486
7.372607,19,661.96545
6.121809,17,662.41615
6.381849,18,662.882447
5.098615,15,663.286846
7.19044,18,663.762054
6.67519,17,664.214327
5.677753,16,664.641303
5.225729,14,665.021134
7.231627,19,665.519132
5.160599,15,665.920934
3.749296,12,666.239106
6.924747,18,666.724482
6.210527,17,667.16034
5.763305,16,667.572684
0.948846,16,668.003973
4.63688,13,668.360924
5.376724,14,668.73395
6.548703,17,669.182855
6.775738,18,669.640717
2.078127,17,670.089067
5.671734,16,670.514944
5.811704,16,670.941325
6.664678,17,671.389227
7.857514,19,671.885519
5.950064,17,672.336031
1.984766,19,672.847889
6.557585,17,673.282824
6.579574,17,673.717551
5.38159,15,674.117805
7.611227,20,674.65077
6.271993,17,675.103374
6.840107,17,675.5543
6.42899,18,676.024413
4.645269,14,676.379186
5.414755,16,676.803148
3.504569,12,677.121923
6.341058,17,677.570321
6.423558,17,678.02152
5.33229,15,678.410206
5.875497,17,678.845279
6.78888,17,679.294225
5.955998,17,679.732975
1.54966,16,680.15877
6.674265,19,680.654565
5.038734,15,681.057978
4.521275,14,681.424239
6.089698,16,681.83671
3.508352,22,682.414528
5.272582,14,682.770309
6.215202,17,683.220739
6.919892,18,683.694566
6.507841,17,684.131779
1.738238,18,684.607335
6.717945,18,685.067569
6.122568,16,685.49315
5.651761,16,685.920297
7.119477,19,686.433576
4.49387,14,686.787131
4.4759,14,687.154956
4.023217,13,687.513209
7.171841,19,688.017162
5.508828,17,688.468618
6.411202,17,688.931235
3.994908,13,697.563406
7.083071,19,698.065669
4.88118,15,698.470224
6.958572,18,698.943744
8.887906,23,699.546067
5.094678,16,699.976234
7.518631,19,700.474476
5.9889,17,700.898209
7.271394,20,701.420842
5.822546,17,701.87232
6.299962,17,702.309504
7.138955,19,702.802851
1.04893,16,703.2196
6.116961,17,703.658299
6.121422,16,704.072778
6.593114,19,704.58172
5.141894,15,704.970273
5.350625,15,705.359941
7.333433,20,705.865549
5.558239,16,706.264114
7.706114,21,706.818913
4.57381,13,707.147101
7.223334,20,707.652481
6.073862,17,708.105237
5.659616,15,708.494195
7.273044,19,708.977928
6.845126,17,709.414876
6.433694,16,709.826542
7.564687,20,710.361199
7.463247,20,710.88223
6.612406,17,711.332809
5.812633,17,711.768504
7.200739,19,712.249646
5.552493,16,712.662936
7.093301,18,713.141051
6.095361,16,713.565665
6.091068,16,713.991408
5.621759,17,714.440304
2.950794,20,714.976042
7.983341,21,715.530279
2.963703,20,716.062479
7.074768,19,716.547478
2.9891,20,717.067353
5.129842,14,717.444879
8.201399,20,717.968452
4.387952,14,718.337676
6.897157,19,718.834983
6.387678,17,719.273239
7.876298,19,719.772477
5.556445,16,720.198893
6.736998,18,720.661574
4.620286,13,721.017183
7.090995,19,721.515981
5.7623,16,721.943839
6.766539,18,722.402497
7.033348,18,722.876806
6.106893,16,723.296025
1.912298,19,723.794045
5.924726,17,724.242931
6.305532,18,724.713089
5.341353,15,725.103544
5.440768,16,725.52966
6.88361,18,726.00159
7.162272,19,726.496799
6.862637,19,726.992699
7.380536,19,727.487254
6.943436,19,728.000308
7.462276,19,728.494405
6.81444,18,728.953166
7.799813,20,729.483929
4.2968,14,729.84926
5.984958,16,730.274244
2.182804,19,730.770311
7.284188,18,731.241945
0.816967,16,731.653972
6.116895,16,732.066355
5.830958,16,732.479359
1.653936,18,732.938154
4.662538,14,733.308283
6.197846,17,733.756913
4.938162,14,734.122473
7.526197,19,734.619097
7.003,19,735.101122
6.278636,18,735.573928
7.938026,20,736.093032
5.23169,15,736.469874
7.383247,20,736.987674
4.715592,14,737.366127
5.691796,16,737.780621
6.726257,18,738.257316
4.891966,14,738.637917
1.362821,18,739.125842
4.185987,14,739.479835
4.352534,13,739.813323
6.56935,16,740.239924
5.858267,18,740.713518
5.92772,17,741.166459
6.869773,18,741.656786
6.968617,18,742.147861
0.896803,15,742.538892
4.781197,14,742.908145
5.823207,17,743.365015
7.164729,17,743.803122
6.64505,18,744.29273
6.481568,17,744.745369
5.905506,17,745.185899
5.57004,15,745.575104
5.757775,16,745.987006
5.807193,16,746.401945
5.80998,16,746.816069
5.581503,15,747.204175
4.46097,13,747.54638
6.351789,17,747.999677
5.631297,16,748.425894
6.805849,18,748.898039
6.677458,18,749.344521
7.133675,19,749.83963
5.669488,16,750.251713
5.639333,16,750.66505
8.410476,21,759.391892
5.740162,16,759.791793
5.955751,16,760.205092
5.465652,16,760.644136
6.648686,19,761.139492
2.010821,19,761.636885
7.037143,18,762.112296
6.649921,18,762.573051
7.157164,18,763.037591
5.04591,15,763.430676
5.73236,17,763.868757
6.730667,18,764.342404
6.116879,17,764.792277
4.696425,14,765.160836
6.509889,18,765.623033
5.492837,16,766.049739
6.465833,18,766.52066
5.10044,15,766.925596
6.577339,18,767.399847
6.355432,18,767.873163
6.911794,19,768.374875
6.260857,17,768.812246
6.439536,18,769.28571
6.807928,19,769.781287
6.544284,17,770.230203
7.238845,20,770.748631
7.741485,20,771.255731
7.48057,19,771.740377
6.120737,18,772.21252
5.762595,15,772.601624
2.247375,18,773.080815
7.004169,19,773.593242
6.587035,18,774.063776
5.209556,16,774.488252
5.482069,16,774.902007
5.785302,15,775.280744
6.326143,17,775.716507
6.203347,16,776.131028
8.103255,21,776.675511
5.801098,16,777.089984
3.211777,21,777.645857
3.326946,21,778.192619
6.036229,17,778.64021
7.078711,19,779.147565
3.188763,21,779.688869
6.034362,17,780.123965
1.862348,17,780.575063
5.854525,17,780.996448
5.612437,16,781.420613
7.595986,21,781.974792
5.107432,14,782.339108
6.27258,18,782.812516
5.179815,15,783.207729
1.651444,17,783.644186
6.731868,20,784.178579
5.077584,16,784.591491
5.38589,15,784.979052
6.035423,16,785.403825
4.952866,15,785.807848
5.901603,17,786.25791
6.015612,17,786.70754
5.207229,15,787.110898
4.721845,14,787.476694
2.477733,19,787.962518
6.396885,18,788.425907
2.694122,20,788.931031
0.935063,15,789.335116
6.865913,20,789.868163
5.284485,15,790.257626
7.363799,19,790.740769
5.638751,16,791.155258
6.893229,17,791.605587
6.565256,17,792.04212
4.510447,14,792.422447
7.551609,19,792.919618
6.334146,18,793.396788
6.270282,17,793.847426
7.649443,19,794.330662
6.584378,18,794.805805
7.189784,19,795.303501
6.798998,18,795.778092
6.214093,17,796.227369
4.298742,14,796.59449
7.497568,21,797.151614
7.029319,20,797.670359
7.661636,21,798.216214
6.825533,19,798.714037
5.420692,15,799.115452
3.496399,24,799.742228
5.654737,15,800.142921
6.583515,18,800.607216
7.802831,20,801.125174
1.699879,17,801.575373
6.939881,17,802.022829
5.761213,16,802.448769
6.084899,16,802.86026
2.158592,18,803.335609
5.148018,15,803.7388
6.761311,18,804.213323
6.318048,17,804.649225
6.001253,16,805.07521
6.304148,18,805.548581
0.782165,15,805.953512
7.209808,19,806.450076
6.841395,19,806.945097
7.597254,20,807.465712
8.2765,21,808.023442
7.172612,19,808.520697
5.750187,16,808.933731
7.10737,19,809.417822
6.454806,18,809.876636
6.875891,19,810.385724
7.341123,19,810.882809
6.280198,17,811.306983
5.731104,16,811.720963
5.868781,16,812.145118
5.753377,17,812.581645
1.579928,17,821.272159
4.454395,13,821.616509
5.674391,17,822.069257
5.495897,16,822.495016
5.67427,16,822.923796
5.938334,16,823.355054
7.420239,19,823.850447
5.137436,16,824.262835
7.339659,19,824.760504
7.899386,20,825.282261
5.975717,17,825.731349
7.765506,22,826.300054
4.821288,14,826.681894
5.4994,16,827.095397
7.367405,19,827.588915
6.305618,18,828.065204
7.30143,20,828.586062
6.521237,19,829.05609
2.289997,18,829.528741
4.72463,14,829.905848
4.183765,13,830.234352
5.142325,15,830.638299
7.036232,19,831.133878
0.779017,16,831.557793
4.775209,15,831.947659
1.077387,17,832.368882
7.452813,20,832.901857
7.092253,19,833.398542
6.150791,18,833.871557
5.467932,16,834.297042
5.808455,17,834.7463
4.160228,14,835.098311
7.359478,20,835.631232
4.603709,14,835.983882
6.318477,16,836.409348
8.351168,22,837.001282
7.012158,19,837.495656
5.173452,16,837.89824
5.690375,17,838.337256
7.828723,23,838.938509
1.962829,18,839.400613
8.094897,22,839.954412
7.150328,19,840.449736
6.204144,17,840.897574
6.580334,19,841.393266
7.134188,20,841.91387
8.015733,22,842.480207
6.249621,18,842.951741
7.779248,21,843.529691
7.919856,21,844.071738
7.409038,20,844.591523
8.606205,22,845.170969
8.157914,22,845.736123
6.084263,16,846.163384
6.128268,17,846.613369
7.455925,20,847.13305
-0.147779,14,847.500251
6.766921,17,847.951002
5.917715,17,848.40348
7.443591,22,848.968738
6.053407,17,849.417664
7.003769,20,849.938875
6.661793,18,850.411106
4.424411,13,850.76668
1.400309,17,851.216927
2.188417,19,851.712874
4.660185,14,852.092955
5.018263,15,852.495927
3.02928,22,853.068197
6.852745,18,853.542322
6.225609,18,854.01462
4.437298,14,854.397149
6.640526,17,854.846883
3.110198,21,855.377519
3.840098,13,855.737048
6.023208,17,856.187589
6.161347,17,856.638728
6.619888,19,857.122114
7.64613,21,857.6661
5.957359,16,858.080613
5.50437,15,858.470807
3.481695,23,859.051314
6.114158,15,859.45396
5.879234,17,859.889508
2.636389,20,860.409951
2.244,19,860.919353
7.028143,19,861.415637
7.39649,21,861.943774
5.062192,15,862.33258
6.13165,18,862.792841
7.445275,20,863.315269
4.766162,14,863.680915
5.177685,15,864.071119
9.174796,26,864.745026
7.617117,22,865.311397
6.896124,19,865.807134
2.378263,20,866.325801
1.775413,19,866.821741
6.922937,20,867.341591
6.369081,17,867.791586
7.77457,21,868.339361
6.07832,17,868.777483
5.772639,17,869.227915
6.400026,18,869.699848
7.899615,21,870.243768
6.242608,17,870.694458
7.114826,18,871.152801
7.374737,19,871.659738
7.620508,22,872.236531
4.900187,16,872.650131
5.035425,15,873.054507
5.193244,15,873.432099
6.408133,18,873.902796
5.293573,16,874.32805
6.793204,18,883.046268
7.329767,21,883.592028
7.739638,20,884.109245
5.519574,18,884.583352
8.434013,23,885.171032
3.119676,22,885.72234
7.029514,21,886.280332
7.33818,20,886.800315
6.685209,19,887.295023
5.6563,16,887.694464
5.4754,16,888.093955
3.207816,22,888.675042
5.916934,18,889.146687
5.447652,17,889.581742
6.654837,19,890.076957
6.893304,19,890.572666
1.405,17,891.020849
7.455315,21,891.563096
5.326062,16,891.97637
6.362549,19,892.488705
7.072927,20,893.009121
6.04764,18,893.470316
4.954378,16,893.895427
7.866384,23,894.484584
7.696043,23,895.087435
6.541906,19,895.570566
6.534224,19,896.068384
6.069672,17,896.506555
6.69161,19,897.003076
7.147924,20,897.507451
4.924982,15,897.899004
7.041658,18,898.363938
6.453712,19,898.862374
3.544138,23,899.466757
6.677095,19,899.964369
6.411074,19,900.464443
5.041559,15,900.854894
8.246518,24,901.494815
7.129573,19,901.991254
6.575008,20,902.50062
7.966238,22,903.067291
5.799942,17,903.521856
6.134288,18,904.008775
1.858722,19,904.495375
3.073185,23,905.09657
5.974185,18,905.554984
6.379392,19,906.051153
6.457043,19,906.544312
4.418736,14,906.910026
5.90391,17,907.358406
7.929484,22,907.93735
6.426243,18,908.415299
7.103108,20,908.934515
5.478179,16,909.333674
6.318571,18,909.808123
5.993306,17,910.258914
6.328229,20,910.779613
5.47303,16,911.206025
7.590483,20,911.727675
6.897871,18,912.203809
7.323035,21,912.733902
5.742403,16,913.148944
6.859282,19,913.646671
6.925406,20,914.169246
7.824385,21,914.712275
5.933676,18,915.183434
7.39221,21,915.728204
2.522394,21,916.272705
6.100532,16,916.698152
6.644667,18,917.155905
5.84232,17,917.579512
5.236017,16,917.992766
6.019154,17,918.432434
6.877837,19,918.927232
6.824911,20,919.460907
7.393281,21,919.992454
7.079791,19,920.475366
7.200499,20,920.99614
5.946861,16,921.39539
5.956348,19,921.893253
3.971218,13,922.223705
6.669754,18,922.683859
6.541814,19,923.171425
5.800185,17,923.623652
5.909635,16,924.051614
7.181463,19,924.548618
7.121152,20,925.067972
5.087259,15,925.46077
4.87877,15,925.86392
5.729215,18,926.322963
6.942674,19,926.820486
5.395092,16,927.220534
8.076551,22,927.78788
6.402113,18,928.265468
8.41016,24,928.875608
5.383713,16,929.289331
6.886267,19,929.798276
6.98085,21,930.340803
6.182596,17,930.790579
7.647083,21,931.332469
7.185297,20,931.854448
4.372537,14,932.221448
6.841075,19,932.732277
6.59048,18,933.197049
5.551152,17,933.622633
3.638014,12,933.915484
6.712386,20,934.422327
5.583581,16,934.849607
6.555195,19,935.337862
4.584563,15,935.744769
7.716017,21,944.599618
6.40699,18,945.074232
4.799822,15,945.463657
5.778768,17,945.913678
8.382362,22,946.494694
9.430795,27,947.179391
6.841013,20,947.699824
6.126032,18,948.147236
7.101285,19,948.634168
8.602526,23,949.237333
8.076638,22,949.805282
5.750192,19,950.290674
8.317798,26,950.953435
7.589327,20,951.476707
6.150739,18,951.925609
5.196087,16,952.352834
5.739648,17,952.789293
6.407939,17,953.230485
7.321454,20,953.750674
7.84757,22,954.307966
7.299545,22,954.877701
6.32528,18,955.353551
7.419801,23,955.945552
5.589859,16,956.373904
7.080628,21,956.918369
2.24599,20,957.441126
2.057551,18,957.902959
7.566126,21,958.450074
6.953714,20,958.958615
6.858216,19,959.443563
7.207396,19,959.940558
8.700108,24,960.56657
5.421655,17,961.004723
6.260305,18,961.46533
7.749077,22,962.031457
5.712056,17,962.454792
7.544577,19,962.965037
1.43351,19,963.46747
7.515947,21,964.011527
5.934105,18,964.458409
6.085965,19,964.942813
3.945071,14,965.312431
6.360059,19,965.798289
7.234678,20,966.333178
8.393379,23,966.911119
9.065762,26,967.588283
5.608495,18,968.063976
6.612943,19,968.56649
6.639616,19,969.049786
5.734404,17,969.474602
5.195836,16,969.889266
6.977219,19,970.384869
6.583793,19,970.854186
7.886049,22,971.449125
8.452285,26,972.112242
7.307501,19,972.609274
8.295764,23,973.202556
7.988248,23,973.808869
5.303774,17,974.259704
7.524353,20,974.79238
6.857478,19,975.2758
6.701453,19,975.747672
6.016941,18,976.207406
6.637298,18,976.679585
7.125068,20,977.189622
6.637221,20,977.710457
6.599418,21,978.26026
5.151477,15,978.637278
6.16828,18,979.112473
5.531074,17,979.552571
5.801473,17,979.976988
5.012769,16,980.390586
6.790375,20,980.896388
6.709838,20,981.419054
7.594083,22,981.985817
6.880647,19,982.482528
6.61901,18,982.943278
5.308522,17,983.397327
5.965514,17,983.845705
7.286632,20,984.363276
6.849179,20,984.882406
2.950557,21,985.423802
7.491737,22,985.990348
6.296126,18,986.462765
3.142881,20,986.971862
7.00219,21,987.514778
7.436772,20,988.034849
1.173135,18,988.485734
8.683022,25,989.136279
7.38695,22,989.702345
6.159462,18,990.177763
6.21473,18,990.652119
6.513845,19,991.15005
5.222567,16,991.549038
7.875259,21,992.093132
4.988893,16,992.520499
5.319202,16,992.91986
7.358203,21,993.4837
5.501566,17,993.920465
5.648203,17,994.371148
6.366467,18,994.844138
6.218478,19,995.343231
7.509713,21,995.872639
1.162046,18,996.346915
6.737366,19,996.844731
5.581382,16,997.25831
3.962385,24,1006.168673
6.992047,19,1006.651688
7.076056,21,1007.197285
4.996034,15,1007.575294
2.186975,21,1008.119523
5.895086,19,1008.607316
2.756938,21,1009.151511
6.139958,18,1009.625891
5.259491,16,1010.040261
5.832947,17,1010.477587
6.433496,17,1010.916709
6.849241,20,1011.437603
6.935578,20,1011.958162
7.526085,22,1012.537625
5.596016,17,1012.989001
5.884482,18,1013.480984
6.659514,17,1013.918195
5.370912,16,1014.332101
6.126637,19,1014.803065
5.300843,16,1015.21845
6.685012,19,1015.700647
7.077185,21,1016.231106
7.91358,20,1016.750967
5.380993,16,1017.166437
5.920554,16,1017.593127
4.927252,16,1018.005984
1.959606,19,1018.507433
4.940549,16,1018.924132
8.267216,25,1019.587812
7.376293,21,1020.130236
7.275466,21,1020.676019
2.728818,22,1021.245414
7.555601,24,1021.85893
6.011679,17,1022.31227
4.890801,16,1022.725899
6.22662,18,1023.202336
6.118453,17,1023.653964
6.896764,20,1024.173814
5.729122,17,1024.625195
6.121967,18,1025.100162
6.111946,18,1025.573642
6.86745,19,1026.056213
7.847317,24,1026.671812
6.631977,18,1027.146327
6.232033,18,1027.619164
6.814982,20,1028.150777
5.765026,17,1028.590899
6.525862,19,1029.076371
6.054948,19,1029.57287
6.559846,20,1030.065805
6.96424,20,1030.573188
2.683542,21,1031.119255
6.260419,18,1031.59188
2.732291,22,1032.170321
6.975614,20,1032.678617
6.018415,18,1033.153505
6.422558,19,1033.651592
7.295536,20,1034.158561
7.209062,21,1034.689191
6.582693,21,1035.234558
6.42896,19,1035.717772
5.116886,16,1036.130216
6.696704,18,1036.589977
7.365008,19,1037.076842
5.357798,16,1037.463121
7.313753,19,1037.959071
7.019712,21,1038.5037
3.466039,23,1039.093559
5.343261,17,1039.544454
6.316142,18,1040.003735
6.290378,17,1040.455321
8.045194,24,1041.084611
5.19037,16,1041.498532
6.941057,20,1042.019033
4.384761,15,1042.408233
8.696565,24,1043.004517
6.5995,19,1043.501546
6.702696,20,1044.023898
5.898743,19,1044.507308
6.610001,19,1045.005052
5.342604,17,1045.455058
1.807633,20,1045.962436
7.666175,22,1046.54303
5.050338,16,1046.958183
5.476798,16,1047.385587
5.897329,18,1047.845499
6.335804,19,1048.344474
4.569907,14,1048.698054
4.432778,14,1049.065679
6.165093,19,1049.561725
6.809728,21,1050.106282
5.942033,18,1050.567999
6.66114,18,1051.041888
5.444385,17,1051.47762
2.831884,21,1052.03343
7.692476,21,1052.576543
7.866135,21,1053.123316
3.351118,23,1053.719286
7.790444,22,1054.286105
7.242855,19,1054.782557
5.765624,17,1055.233241
6.156367,17,1055.670583
6.210331,18,1056.146221
7.48503,22,1056.714023
5.769794,18,1057.186536
4.339176,14,1057.552914
5.925167,18,1058.015994
6.484871,20,1058.544317
6.788892,20,1067.448723
7.40231,19,1067.947873
8.058377,23,1068.543039
6.032971,18,1069.018058
4.983385,17,1069.456747
7.772774,22,1070.023086
7.287829,21,1070.581565
6.493062,19,1071.079101
7.229397,21,1071.619398
6.978231,22,1072.186951
6.132495,19,1072.683408
7.960091,23,1073.276257
6.614771,19,1073.771975
6.77486,21,1074.318759
2.796228,21,1074.862456
2.767972,22,1075.428908
8.196446,23,1076.021943
5.383873,17,1076.472256
7.138598,21,1077.00294
7.41443,23,1077.610853
8.401071,23,1078.200145
6.764169,20,1078.724919
3.306046,23,1079.315355
6.766511,20,1079.837874
6.462069,19,1080.335258
4.975076,15,1080.739189
6.767405,21,1081.283219
6.317541,18,1081.745182
7.292274,20,1082.265569
4.151941,24,1082.866284
8.105031,23,1083.467141
1.15346,18,1083.95503
7.196314,22,1084.522058
5.192852,16,1084.949274
8.224854,24,1085.550808
7.111993,21,1086.097215
6.151133,17,1086.548132
5.837792,18,1087.023321
7.44446,21,1087.567276
7.694245,22,1088.136302
5.846386,18,1088.614585
6.74166,20,1089.132928
4.8614,15,1089.523953
7.944826,22,1090.106185
5.764275,17,1090.543571
5.055336,16,1090.943055
8.343055,24,1091.583199
4.71852,15,1091.975299
6.667321,21,1092.519561
7.751597,23,1093.111269
7.785644,23,1093.707429
5.306528,17,1094.159993
8.708757,24,1094.762265
6.907029,21,1095.310141
6.912192,21,1095.857785
7.184434,21,1096.400352
6.853594,20,1096.919441
5.56114,17,1097.369274
8.100849,22,1097.934811
6.875123,20,1098.431696
7.024972,21,1098.948067
5.241634,16,1099.374247
6.773772,20,1099.894042
6.545858,18,1100.368022
7.001664,20,1100.88845
5.704906,18,1101.363245
8.836831,24,1101.978292
5.401875,16,1102.404258
6.284162,19,1102.887127
2.110001,19,1103.37486
7.112197,20,1103.909528
7.137141,21,1104.438983
5.096863,16,1104.851919
7.460369,21,1105.407717
2.503534,21,1105.965382
6.965192,21,1106.496843
6.623596,19,1106.994734
8.526974,23,1107.58578
6.083002,18,1108.060075
5.039717,16,1108.475406
7.441752,20,1108.995585
5.445045,17,1109.432116
5.905182,17,1109.870136
6.372039,18,1110.344424
7.212622,21,1110.901275
5.893635,17,1111.338208
7.932667,22,1111.908559
7.653442,21,1112.455359
2.876028,22,1113.022676
6.513945,18,1113.500814
4.302476,15,1113.891492
4.772984,16,1114.307134
7.526643,21,1114.851602
8.292275,25,1115.502812
7.195147,21,1116.049015
5.352847,16,1116.463913
6.304725,18,1116.93899
4.798421,16,1117.368509
8.153401,27,1118.068571
3.655605,24,1118.687866
6.829852,19,1119.184938
7.345143,21,1119.740885
8.336861,24,1120.344804
5.140739,16,1129.117468
7.131752,21,1129.663223
8.604336,22,1130.218928
6.997999,20,1130.727202
7.455706,22,1131.281113
2.392619,23,1131.871711
6.451559,20,1132.379138
8.318617,24,1133.008044
6.515998,19,1133.510403
5.681867,18,1133.984577
6.091965,19,1134.481753
7.060462,20,1134.999743
7.809397,22,1135.566116
6.412412,18,1136.038446
7.355089,23,1136.628236
5.76575,17,1137.06512
5.905838,18,1137.525045
7.264651,21,1138.054495
4.909023,17,1138.494153
5.798728,18,1138.967957
7.35489,21,1139.512232
6.858862,20,1140.031814
4.718342,16,1140.457505
6.863422,21,1140.999905
2.04717,20,1141.50605
7.246585,20,1142.012685
6.101191,19,1142.498044
6.428938,18,1142.944418
5.636492,17,1143.388114
7.730957,23,1143.991938
5.653903,17,1144.414408
7.541855,21,1144.944806
5.592014,18,1145.41948
5.465629,16,1145.847288
7.265472,21,1146.391193
5.927548,17,1146.841619
5.663018,17,1147.279959
5.765048,18,1147.727546
4.839695,16,1148.128144
7.888789,24,1148.758511
3.131714,23,1149.34947
6.79493,19,1149.833773
8.272043,25,1150.485418
6.628046,19,1150.983964
8.486791,24,1151.599093
6.588194,20,1152.120425
5.537088,17,1152.572024
6.336566,19,1153.068963
7.375289,21,1153.61679
3.932335,14,1153.971499
7.840814,23,1154.560748
6.513525,21,1155.10689
5.284895,16,1155.520927
6.675771,19,1156.017591
7.332462,22,1156.573495
7.117172,21,1157.103043
6.165629,19,1157.602497
7.812422,22,1158.170258
6.011755,18,1158.632627
5.238326,16,1159.063464
6.847931,21,1159.607697
5.979832,18,1160.068872
8.271708,23,1160.658333
8.583965,26,1161.332115
1.493958,18,1161.792529
7.841486,25,1162.428676
6.691413,20,1162.949891
7.245068,22,1163.522353
8.466274,22,1164.090131
0.682475,16,1164.5181
8.920416,26,1165.192425
7.10221,22,1165.759726
8.386687,24,1166.38708
5.653864,18,1166.847756
7.558054,22,1167.414433
7.277873,23,1168.020292
6.432311,20,1168.546082
5.935994,17,1168.996712
7.397241,22,1169.551241
2.430798,21,1170.096941
6.83291,21,1170.643167
4.686612,15,1171.035462
6.882114,20,1171.557153
7.877884,22,1172.124569
7.738618,21,1172.669892
6.934705,20,1173.182236
6.888563,20,1173.721463
7.548845,22,1174.276034
6.484265,20,1174.796554
6.441112,19,1175.280752
6.383151,19,1175.778169
8.204613,24,1176.395021
4.076415,14,1176.748814
4.68226,15,1177.124778
5.398151,18,1177.58266
6.171448,19,1178.079847
6.300022,19,1178.581801
6.768687,20,1179.101881
0.850267,19,1179.585515
7.90178,22,1180.142425
7.118074,21,1180.672185
2.481936,21,1181.217908
5.320733,16,1181.633529
5.922328,19,1190.506438
6.341281,21,1191.037709
6.916753,20,1191.544805
7.841682,23,1192.134521
6.096319,19,1192.633793
6.688638,19,1193.117374
5.738746,18,1193.596217
8.252518,24,1194.209994
5.536954,18,1194.683631
6.431293,18,1195.157977
6.9914,22,1195.72458
7.564753,23,1196.315049
7.36061,22,1196.884456
6.473134,21,1197.430938
7.415803,21,1197.961477
6.285595,19,1198.46315
7.247154,21,1199.019452
6.168797,19,1199.518899
5.819782,18,1199.981597
5.848449,18,1200.455835
6.937429,20,1200.978988
6.861247,19,1201.463601
6.396246,19,1201.948132
7.943928,24,1202.575597
5.247562,17,1203.012189
4.606596,15,1203.409131
6.576063,21,1203.940203
7.242359,21,1204.484246
6.858311,22,1205.053125
6.999638,20,1205.561389
5.68398,17,1205.999225
6.780504,20,1206.520338
6.81036,20,1207.027421
5.150823,17,1207.47847
7.378315,22,1208.050051
7.463815,22,1208.596743
7.257241,21,1209.129468
7.048101,21,1209.662875
6.846698,20,1210.172725
7.214163,22,1210.740355
6.482123,18,1211.202438
5.048104,17,1211.627663
5.684652,18,1212.103674
7.6766,23,1212.682312
8.5079,25,1213.325113
5.316359,17,1213.768235
7.286666,23,1214.357369
4.041548,28,1215.065639
6.755297,20,1215.584582
7.616646,23,1216.163998
6.166225,18,1216.637091
9.09627,26,1217.308557
7.436558,22,1217.875082
6.766731,20,1218.398335
6.458241,20,1218.918589
4.533942,14,1219.298454
4.889898,16,1219.725784
5.992861,18,1220.171443
5.916594,18,1220.630554
2.654714,22,1221.209044
5.875502,19,1221.693811
7.529145,22,1222.261463
6.562132,21,1222.804468
8.072441,24,1223.418825
5.617334,18,1223.892755
7.671338,21,1224.424942
6.522183,19,1224.907188
5.059127,16,1225.306566
7.854971,23,1225.89767
7.220349,22,1226.477797
6.049032,19,1226.947264
6.522047,19,1227.430675
7.912405,22,1227.997365
6.628822,21,1228.546478
6.473883,20,1229.067075
7.487347,21,1229.624361
5.936017,18,1230.071308
8.614754,25,1230.722565
5.906424,18,1231.199677
8.776549,25,1231.850482
7.273697,21,1232.38217
7.142155,21,1232.925677
6.185609,18,1233.385748
8.151864,25,1234.040472
5.994563,18,1234.502244
7.442843,21,1235.03183
7.887275,23,1235.637642
7.133603,20,1236.156962
5.947949,18,1236.619376
6.95595,21,1237.164883
1.994762,21,1237.709203
3.435294,24,1238.32227
5.021552,16,1238.739116
5.831015,18,1239.212481
6.26369,20,1239.718303
7.301728,22,1240.3003
6.345885,18,1240.772486
7.245025,22,1241.33762
7.242216,22,1241.87696
6.711383,21,1242.433136
6.548552,19,1251.361903
8.874397,25,1251.99802
5.464246,18,1252.459157
6.776146,21,1253.004458
6.186065,18,1253.468984
6.563372,20,1253.989244
6.762005,20,1254.510754
5.741762,18,1254.986543
5.462078,17,1255.410748
6.260744,19,1255.892932
3.792175,26,1256.55258
5.583501,18,1257.011337
6.62339,21,1257.542306
7.105324,20,1258.035226
7.709186,22,1258.604947
6.585771,20,1259.111164
8.286462,24,1259.713848
8.012538,25,1260.337384
6.946475,21,1260.880131
8.818313,26,1261.541964
8.795427,26,1262.229118
7.612858,23,1262.822539
8.161601,24,1263.431952
8.237905,23,1264.026959
7.478763,22,1264.596367
5.329674,16,1265.024486
6.676162,19,1265.512674
6.880915,20,1266.03419
6.109289,19,1266.50615
5.760072,18,1266.981483
7.134919,20,1267.505375
6.536243,21,1268.051359
7.780518,22,1268.624312
6.839675,20,1269.147666
6.813505,20,1269.655599
6.303296,19,1270.140543
6.583477,19,1270.639461
2.814621,22,1271.209001
6.119093,19,1271.706743
8.16164,24,1272.320599
7.605553,23,1272.911945
8.488916,23,1273.520843
7.586195,21,1274.067201
6.405633,20,1274.574706
2.125653,21,1275.104633
1.882301,19,1275.603473
7.015743,20,1276.11009
8.055488,23,1276.688571
6.533569,20,1277.195295
7.120073,20,1277.701441
6.290435,19,1278.199337
5.885706,17,1278.653666
7.835814,24,1279.266349
2.877832,22,1279.835232
7.394204,21,1280.379132
5.9676,19,1280.875479
5.282946,16,1281.27475
7.531047,23,1281.878079
5.608668,19,1282.362346
8.062254,22,1282.928663
6.491084,19,1283.426934
6.990491,21,1283.976892
7.83749,23,1284.553658
5.743556,17,1284.99229
7.020203,20,1285.501882
6.198969,19,1285.999797
8.392665,25,1286.652465
7.609413,22,1287.219915
5.597336,17,1287.658339
5.917553,18,1288.132558
6.453976,19,1288.634492
7.929095,23,1289.226616
6.272156,19,1289.711715
6.241243,19,1290.196521
7.019815,22,1290.764436
8.036846,24,1291.380199
6.71514,20,1291.904295
1.963773,20,1292.425782
7.122433,20,1292.946923
3.599257,25,1293.604753
5.178975,16,1294.019577
6.923801,21,1294.56321
6.730825,21,1295.106487
5.491885,17,1295.529726
7.55297,23,1296.122327
6.296016,20,1296.644555
2.920771,22,1297.198116
5.635758,17,1297.648043
6.023495,19,1298.120401
8.381508,25,1298.77683
6.570426,19,1299.261766
6.875821,22,1299.827259
6.50786,20,1300.349205
6.185632,19,1300.84611
8.479034,25,1301.498557
6.845068,20,1302.005478
6.721301,20,1302.499462
4.082617,24,1303.125731
2.100886,21,1303.67874
7.052684,21,1312.664598
7.003212,20,1313.172205
6.62689,20,1313.711318
6.708273,21,1314.257475
3.990161,26,1314.921397
7.588357,22,1315.488209
5.805366,19,1315.972983
5.840547,17,1316.411203
5.923183,18,1316.885598
5.541219,17,1317.323996
2.118389,19,1317.822244
8.704578,24,1318.44028
8.37478,24,1319.044833
8.318991,23,1319.636601
9.041456,26,1320.311511
7.451631,21,1320.858598
1.825748,19,1321.356211
5.928185,17,1321.806813
7.083947,21,1322.349567
6.201028,18,1322.824512
3.038705,22,1323.392778
2.323606,21,1323.944665
5.56271,17,1324.395176
1.804136,20,1324.917155
7.58609,22,1325.500663
7.545371,21,1326.031667
7.021165,20,1326.554253
4.197296,14,1326.908244
6.81168,20,1327.416467
7.67293,22,1328.010687
2.023399,21,1328.560987
6.844571,20,1329.068724
6.472287,18,1329.530443
5.07534,16,1329.946321
8.474969,24,1330.575049
6.648602,18,1331.049207
5.633358,18,1331.524325
6.108384,18,1332.001473
3.63047,24,1332.629366
6.520349,19,1333.111826
6.716402,21,1333.660519
6.359259,20,1334.180156
7.747999,22,1334.747949
6.812524,19,1335.233598
7.55214,22,1335.801843
4.524985,15,1336.177786
5.676562,17,1336.614776
8.910683,25,1337.262762
5.549732,18,1337.722928
7.440385,22,1338.303
6.388783,19,1338.787455
7.424675,22,1339.35458
6.325564,19,1339.849873
7.591138,23,1340.439886
8.856658,24,1341.054336
5.989577,18,1341.501164
8.139124,23,1342.108181
7.604724,21,1342.652073
4.11894,14,1343.020262
6.715281,20,1343.544692
8.467502,24,1344.144789
6.805138,20,1344.66266
1.499154,19,1345.172897
7.372197,20,1345.693572
6.784084,19,1346.19085
8.353403,24,1346.793195
8.280822,24,1347.383726
5.390677,17,1347.834347
6.75178,19,1348.331842
7.471381,22,1348.900906
7.637334,22,1349.469353
9.333061,26,1350.146079
7.491572,22,1350.71161
5.542569,17,1351.149886
5.010358,16,1351.565367
7.784648,21,1352.109829
8.923218,24,1352.724085
7.763862,21,1353.269371
8.03923,24,1353.905178
6.673931,18,1354.367
6.165759,18,1354.826478
6.29181,18,1355.301037
6.87615,20,1355.822142
7.45426,22,1356.389807
9.270042,27,1357.101488
7.168545,21,1357.631274
5.677935,18,1358.103056
7.397808,21,1358.652214
7.682991,23,1359.240412
1.174995,18,1359.713576
5.640025,17,1360.150524
7.690483,20,1360.669806
7.137798,20,1361.185977
6.470388,19,1361.682125
6.750082,20,1362.202645
7.908721,22,1362.769586
5.455195,17,1363.206251
6.838401,21,1363.73857
8.24637,22,1364.292727
7.657015,22,1364.85703
6.572067,20,1365.363915
6.845486,20,1374.24977
6.022028,18,1374.723974
6.203262,18,1375.198095
7.71733,22,1375.752099
1.553226,20,1376.261425
7.324526,21,1376.804298
4.730437,16,1377.215404
5.598486,18,1377.686633
6.581526,18,1378.146075
5.111756,16,1378.566606
7.63618,22,1379.13546
7.093113,22,1379.699842
6.32236,18,1380.159549
6.584384,20,1380.67972
8.035427,21,1381.223288
6.262764,19,1381.718601
6.34814,19,1382.202656
5.767704,17,1382.652941
6.176238,18,1383.127151
6.735452,20,1383.652482
7.025949,19,1384.150329
7.528049,22,1384.717778
5.751648,18,1385.191564
6.817546,20,1385.698561
4.950483,17,1386.136528
6.624189,20,1386.65847
7.159652,21,1387.203217
7.623038,22,1387.770132
6.894427,20,1388.293034
6.751017,20,1388.820592
6.984178,20,1389.328551
7.536443,21,1389.873317
3.390352,24,1390.503039
3.232134,22,1391.058232
5.797984,18,1391.518555
7.508008,22,1392.074601
6.200991,19,1392.546959
7.72993,21,1393.077107
6.996721,21,1393.637835
5.300322,17,1394.074329
6.65133,19,1394.557278
6.333064,19,1395.040086
7.806664,21,1395.583876
5.410358,17,1396.022019
8.006483,24,1396.634798
6.737438,19,1397.134071
7.05294,20,1397.655581
7.734413,22,1398.210579
9.25039,28,1398.908725
5.02756,16,1399.336867
6.785281,20,1399.857253
6.006656,18,1400.330697
7.024084,20,1400.835598
6.995512,21,1401.381342
6.929773,21,1401.912716
1.471128,19,1402.411835
8.552365,24,1403.01338
7.342232,22,1403.596382
6.884141,21,1404.127448
6.178445,19,1404.624829
5.418103,17,1405.035609
6.473136,18,1405.496433
8.541112,26,1406.170313
6.1067,20,1406.690686
7.743687,21,1407.235789
7.138268,20,1407.758154
7.037461,20,1408.266849
5.884722,19,1408.767755
6.291905,19,1409.25369
5.341891,17,1409.706867
7.990009,23,1410.311727
5.041238,16,1410.739647
7.72043,21,1411.272092
6.420789,19,1411.769596
5.949723,18,1412.23063
1.936089,20,1412.750398
7.265458,22,1413.304564
7.73964,23,1413.896394
6.417551,19,1414.381043
7.720402,22,1414.947696
7.043843,20,1415.467074
7.20767,20,1415.987372
5.296782,17,1416.424385
6.391056,19,1416.908704
7.253532,21,1417.45077
7.716201,22,1418.016379
6.900188,20,1418.534395
6.452808,19,1419.029107
6.502837,19,1419.514015
6.282727,18,1419.974859
7.712446,22,1420.569746
5.947469,18,1421.029813
5.174984,16,1421.457636
8.660417,23,1422.036073
6.30909,19,1422.52068
4.848957,16,1422.937175
8.850087,23,1423.528512
5.995455,18,1424.002769
7.295947,20,1424.508902
6.617142,21,1425.039578
7.872362,22,1425.597411
2.426804,22,1426.180713
7.671827,21,1426.722125
7.691181,22,1435.792943
6.302936,20,1436.315526
7.668972,22,1436.8835
5.360487,17,1437.334089
6.749446,19,1437.817568
6.595526,20,1438.340441
6.660416,20,1438.869143
7.567813,21,1439.41146
5.714938,17,1439.84775
7.935972,22,1440.432124
6.641587,19,1440.915378
5.799377,18,1441.374757
6.088007,18,1441.848026
7.40603,20,1442.371282
6.302696,19,1442.869442
6.172311,18,1443.357882
6.184108,19,1443.86545
5.578095,17,1444.303682
7.464266,21,1444.850057
6.1551,19,1445.333221
7.312135,20,1445.839933
7.067562,20,1446.363303
7.028386,20,1446.886512
6.213844,19,1447.383574
5.324352,17,1447.820581
5.771709,18,1448.295856
7.614364,22,1448.867348
6.757894,19,1449.364828
5.836992,18,1449.83742
7.263945,22,1450.403573
6.054676,18,1450.878352
6.976799,20,1451.398545
5.449208,17,1451.848163
6.919521,21,1452.394219
6.175939,18,1452.854075
5.843502,17,1453.305097
2.783584,21,1453.849844
5.134957,17,1454.287779
8.088991,23,1454.878939
7.737648,22,1455.431867
3.8771,25,1456.067408
6.23627,19,1456.562752
6.91237,22,1457.127144
6.699996,20,1457.648508
1.777441,20,1458.183286
6.994871,20,1458.677571
7.739897,21,1459.221962
6.561341,19,1459.705832
6.500413,19,1460.188327
6.829525,19,1460.67208
5.861481,17,1461.09783
2.452529,21,1461.656042
7.374358,21,1462.186035
6.991435,21,1462.716958
3.818293,14,1463.070452
6.510063,18,1463.530929
7.061125,20,1464.054612
6.167229,18,1464.515375
6.138314,19,1465.012921
6.858967,20,1465.53418
6.800948,19,1466.029697
6.991725,20,1466.549843
6.589693,20,1467.073306
7.019695,21,1467.606606
6.516927,19,1468.103849
8.794092,26,1468.766701
6.465136,19,1469.266871
8.241206,23,1469.858189
6.286801,19,1470.354688
6.596844,19,1470.854084
7.863989,23,1471.449022
5.8423,18,1471.922019
8.088474,22,1472.48791
2.499132,21,1473.019687
8.054426,23,1473.599357
4.919321,16,1474.015138
5.518259,18,1474.471384
7.160207,22,1475.038152
7.443295,21,1475.583127
6.325048,19,1476.078636
5.407359,17,1476.513986
6.29947,19,1477.011021
8.026498,22,1477.57768
3.66908,25,1478.231061
6.19563,19,1478.71418
5.881793,18,1479.187337
7.763093,22,1479.754212
5.749015,17,1480.205672
7.032997,20,1480.72671
7.078329,21,1481.273205
7.206235,21,1481.821033
8.406626,24,1482.435457
8.157431,22,1482.98973
7.726818,23,1483.580961
6.317225,19,1484.071097
6.59309,20,1484.578263
6.731537,20,1485.084903
6.994066,22,1485.652768
8.609816,24,1486.268114
5.342532,17,1486.719965
6.009135,18,1487.194221
4.539009,15,1487.58526
7.203462,21,1488.129707
7.814816,22,1497.152154
7.51695,22,1497.70616
6.317969,18,1498.180474
6.255742,18,1498.659795
4.850874,15,1499.036018
3.724156,26,1499.696689
3.219856,23,1500.290464
2.015517,20,1500.799244
7.608691,23,1501.390488
5.128767,16,1501.818548
7.318704,22,1502.37303
5.469944,17,1502.811098
6.11555,19,1503.308898
7.975263,25,1503.965393
6.149656,19,1504.45198
4.697475,16,1504.867585
6.627877,19,1505.365472
6.925267,20,1505.886778
7.681084,23,1506.479747
7.465313,21,1507.023896
6.745253,19,1507.512502
7.99457,25,1508.148285
7.091603,21,1508.68002
4.278068,26,1509.343481
8.026992,22,1509.893745
7.676497,23,1510.469972
5.32771,17,1510.905018
6.640474,20,1511.422868
7.221914,21,1511.965193
7.330049,22,1512.529578
6.298678,19,1513.027481
7.654027,23,1513.620774
4.942003,15,1514.014276
7.172786,20,1514.533077
3.546244,25,1515.171168
2.539155,21,1515.716637
6.231901,19,1516.215842
1.831552,19,1516.713761
6.367566,19,1517.211068
2.281948,21,1517.755668
6.652547,20,1518.275874
6.858601,20,1518.802217
8.423083,23,1519.405671
4.986043,16,1519.805385
6.748398,20,1520.312288
7.078632,22,1520.892898
5.844554,18,1521.354599
6.539686,20,1521.863365
7.473104,22,1522.43206
6.586931,19,1522.916096
8.481185,23,1523.507249
5.973688,18,1523.974058
6.974922,20,1524.494947
8.173582,24,1525.109275
4.266744,14,1525.46388
7.151888,21,1525.99582
6.121986,18,1526.456841
8.39404,23,1527.034834
5.96671,18,1527.50883
7.279832,22,1528.065
7.534662,22,1528.646323
6.426923,19,1529.133888
7.284198,20,1529.656559
6.783192,20,1530.17931
2.019783,21,1530.711649
7.015102,21,1531.244394
8.108424,24,1531.861329
9.022561,26,1532.520762
6.65363,20,1533.043022
7.331889,21,1533.590731
5.628694,18,1534.067684
5.35828,17,1534.490871
6.200938,18,1534.965888
8.587861,23,1535.571061
6.00869,18,1536.030857
7.669996,22,1536.585852
7.537975,23,1537.18029
5.032686,16,1537.580311
7.976032,23,1538.185937
8.118537,23,1538.783908
7.41352,21,1539.329357
6.620936,20,1539.838165
3.337046,23,1540.444961
7.874392,22,1541.014976
7.919988,23,1541.620369
7.430923,21,1542.15137
7.861264,22,1542.719816
7.603512,23,1543.297237
6.827674,19,1543.798355
7.464292,22,1544.364427
7.457077,22,1544.918856
7.675978,23,1545.515062
7.075686,20,1546.036022
6.182295,18,1546.483207
1.323465,20,1547.004589
5.750367,17,1547.442392
9.259549,27,1548.1257
6.860842,20,1548.647151
7.307217,22,1549.219234
5.504474,17,1558.292852
7.946151,22,1558.872076
7.234765,21,1559.42191
7.339774,21,1559.972205
8.011968,23,1560.573472
5.826645,17,1561.014419
6.663776,20,1561.526246
3.20458,23,1562.108839
7.299906,21,1562.659614
7.073349,20,1563.174714
7.822904,23,1563.77285
5.450496,18,1564.238416
7.253951,22,1564.815849
5.77353,18,1565.293693
5.797041,17,1565.733896
6.23614,19,1566.222222
7.937003,22,1566.790546
8.389953,25,1567.444043
7.522537,22,1568.014245
7.3931,22,1568.584432
6.306743,20,1569.110557
5.521605,18,1569.589395
5.640586,18,1570.053228
7.446961,22,1570.609802
6.921025,21,1571.144067
5.652353,18,1571.622333
5.12068,17,1572.062694
4.329399,15,1572.454967
7.900511,22,1573.02947
6.506393,19,1573.51748
6.97064,21,1574.055902
6.464025,19,1574.557829
6.823254,21,1575.10937
7.654611,22,1575.68216
9.133116,26,1576.345518
8.005096,22,1576.921108
7.413162,21,1577.478412
7.269219,22,1578.051655
8.90546,25,1578.695771
6.140523,19,1579.194744
7.631641,22,1579.781091
4.871248,16,1580.203025
8.600643,23,1580.80549
8.721124,24,1581.423154
7.683801,22,1581.994794
6.7788,21,1582.52944
3.311295,22,1583.085026
7.770765,23,1583.677671
8.330381,24,1584.305713
6.307266,19,1584.791751
3.750072,24,1585.393341
6.877852,20,1585.919677
6.742596,21,1586.468812
6.953391,21,1587.016688
6.620665,20,1587.540078
7.323052,21,1588.091555
6.858453,20,1588.620313
5.207858,17,1589.081181
8.099917,23,1589.675796
7.424374,22,1590.248819
7.027136,20,1590.774739
7.095819,21,1591.307709
7.118734,21,1591.856885
6.539223,19,1592.347281
5.72665,18,1592.823053
8.388974,25,1593.463995
6.268522,19,1593.960219
5.760801,17,1594.400833
7.655543,22,1594.974706
8.37464,24,1595.59638
7.551782,22,1596.167448
8.090487,24,1596.791549
6.838441,19,1597.294452
6.589079,20,1597.821874
7.236941,21,1598.359588
7.04804,21,1598.912748
2.603593,22,1599.492553
5.37364,17,1599.95112
7.300819,21,1600.502454
3.100444,22,1601.083596
6.716578,20,1601.600087
7.735816,22,1602.184525
6.230037,19,1602.688854
7.919097,22,1603.263931
7.540479,23,1603.865626
5.856939,19,1604.368244
5.192949,17,1604.810096
7.148579,22,1605.400187
6.812958,21,1605.938306
8.587131,25,1606.59739
7.061793,21,1607.136243
7.608056,22,1607.711197
6.373187,20,1608.23775
9.064446,26,1608.909701
4.027209,25,1609.554075
6.439185,20,1610.068331
6.862127,21,1610.619113
8.981161,26,1611.287313
3.046163,22,1620.481097
7.275294,22,1621.057892
8.477795,25,1621.704136
7.598142,22,1622.268152
7.229042,21,1622.818301
7.335232,21,1623.372127
3.3387,23,1623.977031
5.848592,18,1624.443848
7.129121,22,1625.018506
6.044111,19,1625.524677
8.46899,25,1626.173984
6.080538,19,1626.680147
6.460267,20,1627.207292
5.512108,17,1627.650955
7.395068,21,1628.202261
4.61486,28,1628.937879
8.117182,23,1629.537696
6.678484,20,1630.064129
8.097569,23,1630.674533
6.016154,19,1631.149587
5.327467,17,1631.590125
5.384503,18,1632.066892
7.337334,22,1632.642518
5.929693,18,1633.108307
7.19317,22,1633.697841
7.277243,22,1634.278853
7.848727,23,1634.86799
7.479279,23,1635.467519
8.097883,23,1636.065366
6.194934,20,1636.592937
6.700682,20,1637.118486
8.600683,27,1637.811876
7.666242,23,1638.409263
7.854101,23,1639.011925
7.735393,22,1639.589213
7.512599,23,1640.184703
8.036045,24,1640.806559
7.366407,21,1641.356739
6.71008,21,1641.896282
7.781643,23,1642.483866
9.061635,25,1643.130072
7.446289,22,1643.708125
5.517884,18,1644.180016
7.74737,24,1644.805816
5.299453,17,1645.262214
3.22141,23,1645.847172
7.269209,21,1646.400836
5.728353,18,1646.884267
3.135543,23,1647.483686
5.957691,19,1647.976439
7.344092,21,1648.529713
7.591844,23,1649.148914
7.714692,22,1649.712051
3.212326,23,1650.310633
2.016891,20,1650.816296
5.011837,17,1651.245017
6.656814,20,1651.759204
7.161511,21,1652.299758
8.690385,24,1652.908763
6.864666,21,1653.475373
4.304707,27,1654.174731
7.514002,21,1654.723423
7.625259,22,1655.299846
8.250528,24,1655.92074
6.842986,21,1656.455172
6.649893,20,1656.969625
8.085658,23,1657.56847
6.249836,19,1658.072886
8.431186,25,1658.715982
6.437199,20,1659.247183
7.444443,22,1659.811554
5.164782,17,1660.24048
6.028772,19,1660.729512
8.594542,24,1661.351779
8.40006,26,1662.006909
7.672672,22,1662.593076
7.154327,20,1663.103908
2.38494,22,1663.67903
7.845131,25,1664.331471
5.694317,19,1664.821312
7.967897,22,1665.365608
6.700692,21,1665.902271
7.652746,23,1666.515293
6.621087,20,1667.014425
7.284189,21,1667.565425
8.273898,25,1668.195544
6.802694,21,1668.74881
7.686726,23,1669.354438
6.548273,20,1669.878806
2.254913,21,1670.430961
7.137277,21,1670.969269
7.43606,20,1671.482348
6.789323,20,1671.991932
6.346774,20,1672.50316
5.812033,19,1672.993502
8.073241,23,1682.286141
7.898649,23,1682.882877
6.944781,20,1683.39717
6.784708,21,1683.954058
8.494161,24,1684.590042
5.716531,18,1685.056999
5.71221,18,1685.537616
5.72749,18,1686.004411
6.165694,19,1686.509388
8.891414,26,1687.153911
6.167109,19,1687.643019
8.501573,25,1688.288498
7.024726,21,1688.840292
6.205346,19,1689.345328
5.098213,17,1689.786234
6.913404,21,1690.337327
7.493409,22,1690.910514
6.635703,21,1691.459603
6.814028,21,1691.991989
7.959426,23,1692.590092
7.462963,21,1693.136825
7.717331,23,1693.729416
6.670351,20,1694.254719
7.301166,22,1694.829815
5.643895,18,1695.279858
6.451289,20,1695.793807
6.479609,20,1696.306185
6.580463,20,1696.833776
7.398253,22,1697.397089
7.883969,23,1697.993469
6.780683,20,1698.520075
3.686954,24,1699.144066
7.684755,23,1699.740302
7.048997,21,1700.291197
6.97108,21,1700.829137
7.592371,23,1701.426484
7.661935,23,1702.024359
6.456463,19,1702.527109
7.887387,23,1703.125381
8.882561,26,1703.791299
7.301098,22,1704.354629
7.31219,22,1704.929283
6.596597,20,1705.442976
6.390607,20,1705.954757
7.432699,22,1706.527723
7.049674,21,1707.06243
4.888925,16,1707.493911
6.222642,20,1708.019973
7.662426,22,1708.579612
5.744506,18,1709.062625
5.033721,17,1709.506794
7.7782,23,1710.101047
7.704266,23,1710.698325
6.439105,20,1711.2142
7.249246,22,1711.787839
6.759634,20,1712.317963
7.730414,23,1712.915908
6.156931,19,1713.419198
7.243828,21,1713.974205
3.500165,24,1714.596147
6.419364,20,1715.124482
7.36429,22,1715.696611
8.860196,25,1716.341711
5.665429,18,1716.8208
6.425211,20,1717.347503
7.690317,23,1717.942876
6.954717,21,1718.493422
7.877682,23,1719.097029
7.51646,22,1719.669981
8.732953,26,1720.353417
5.808614,19,1720.839113
3.844185,25,1721.484632
5.170147,17,1721.926851
7.894679,23,1722.524843
7.871168,23,1723.111317
2.166727,22,1723.685688
6.953419,21,1724.243415
5.858588,20,1724.769215
6.62158,20,1725.284916
3.732532,25,1725.931945
7.295772,22,1726.505259
3.170164,23,1727.117435
8.472851,25,1727.748803
6.463315,20,1728.275911
2.739552,23,1728.876032
7.932419,22,1729.455423
6.966748,21,1730.009347
9.102035,27,1730.713761
6.580692,19,1731.189968
6.463806,20,1731.703989
8.55807,25,1732.348896
9.0361,25,1732.996088
6.047138,18,1733.457397
7.633915,22,1734.032459
6.780279,20,1734.558526
8.054391,23,1735.155619
5.172461,16,1744.28961
7.116616,21,1744.843451
7.62737,24,1745.466342
7.083247,22,1746.041141
6.708335,20,1746.555036
6.899778,21,1747.081329
9.362485,26,1747.765747
7.152721,23,1748.336411
7.154805,21,1748.889105
8.325525,26,1749.572752
5.803504,18,1750.040456
7.313536,22,1750.613701
7.108162,22,1751.190576
8.474651,25,1751.838443
8.542643,24,1752.458692
3.508313,25,1753.101963
6.139707,19,1753.606481
6.453729,20,1754.121974
8.554567,25,1754.77618
5.785615,18,1755.227766
6.156734,18,1755.692475
7.903986,23,1756.302301
7.229427,22,1756.872747
9.368999,27,1757.58029
7.799377,23,1758.176273
6.76175,20,1758.687499
7.226654,21,1759.243081
7.742129,23,1759.827581
3.288473,24,1760.432077
6.109725,19,1760.937846
7.431778,22,1761.510146
6.441009,20,1762.035266
6.296342,20,1762.548778
6.254842,19,1763.037187
5.932116,19,1763.525442
5.543255,18,1763.991681
7.202148,21,1764.526529
7.930886,24,1765.161209
7.662886,23,1765.758523
6.835627,21,1766.306387
8.460424,24,1766.925322
6.658814,20,1767.451297
6.906782,21,1767.999473
8.314349,24,1768.618927
7.358719,22,1769.198243
8.180623,23,1769.79564
7.497138,22,1770.367277
6.728374,20,1770.871563
8.253797,24,1771.480027
6.373129,20,1771.97858
7.806123,23,1772.589917
7.062958,21,1773.140252
7.568559,22,1773.716952
6.707934,21,1774.272933
6.798542,21,1774.821935
7.038869,21,1775.372478
5.300167,17,1775.814871
6.13683,18,1776.28136
8.185824,24,1776.91557
6.664275,20,1777.443886
3.421148,25,1778.08708
4.059168,26,1778.755114
1.97339,21,1779.296634
5.550398,18,1779.774483
6.540274,20,1780.298741
7.056033,21,1780.850855
3.480415,25,1781.482892
6.864017,20,1782.004142
6.533871,20,1782.533119
7.535842,22,1783.091633
3.761248,24,1783.711436
7.205884,22,1784.276984
8.01977,23,1784.859334
7.399884,21,1785.410137
6.006161,19,1785.914747
7.067286,21,1786.466825
7.19287,22,1787.041214
8.000399,23,1787.640059
6.179609,19,1788.145485
6.49855,21,1788.695127
8.240562,23,1789.279358
6.713718,20,1789.79573
8.784658,25,1790.437538
6.62676,20,1790.964632
8.369326,25,1791.608123
5.924656,18,1792.085575
7.772648,23,1792.684373
6.937313,21,1793.237322
6.250309,19,1793.74248
6.471064,20,1794.274157
7.977665,23,1794.869797
6.116454,19,1795.377409
7.390597,21,1795.91248
7.253338,22,1796.48513
6.711675,20,1797.012573
5.984116,19,1806.300381
7.492306,22,1806.877586
6.641024,21,1807.412412
3.235515,23,1808.003615
9.127202,27,1808.710373
7.351259,22,1809.289757
2.954585,23,1809.889286
7.470403,22,1810.479487
7.714617,22,1811.056504
7.618044,22,1811.632583
5.176529,17,1812.0741
8.210895,23,1812.6592
7.700402,22,1813.224881
7.452905,22,1813.796844
8.454102,26,1814.482114
7.74029,22,1815.043508
7.41121,21,1815.591201
6.738535,21,1816.123179
7.019401,22,1816.6835
6.750962,21,1817.231766
8.700594,26,1817.898917
6.483596,20,1818.410281
6.63501,20,1818.936337
7.818634,23,1819.53826
6.500446,20,1820.050477
6.52425,20,1820.565967
7.320262,22,1821.138275
7.592179,23,1821.739952
8.355472,24,1822.363158
6.744565,20,1822.876626
7.217739,21,1823.415685
6.008871,19,1823.919905
8.092115,24,1824.563068
4.697091,28,1825.296473
6.533402,20,1825.811346
7.554123,23,1826.409534
7.620123,22,1826.988941
7.937401,22,1827.551661
6.779332,20,1828.078305
3.413035,25,1828.729848
7.036401,21,1829.274965
7.456599,23,1829.875489
7.518756,23,1830.47406
8.414813,24,1831.096536
7.755672,21,1831.650911
6.483282,20,1832.183076
5.819388,18,1832.650995
5.612848,18,1833.123749
6.429518,19,1833.615248
9.01404,27,1834.332592
6.625008,20,1834.862028
3.578272,24,1835.485268
7.608007,23,1836.084873
7.355303,22,1836.66476
5.317139,18,1837.132531
6.904174,20,1837.665106
6.363813,19,1838.156569
6.647674,20,1838.672144
7.078368,21,1839.214394
7.574693,23,1839.82834
2.647619,22,1840.392689
6.444744,20,1840.923911
1.650745,20,1841.438696
7.425434,22,1842.002417
6.316408,19,1842.507383
5.818123,19,1843.000042
6.619096,20,1843.528266
7.077261,22,1844.110083
6.5067,20,1844.636303
7.798792,23,1845.233983
7.751312,23,1845.833105
6.232124,19,1846.335596
6.142242,20,1846.848356
7.680291,22,1847.420531
6.577437,20,1847.931233
7.721598,23,1848.52883
7.577732,22,1849.105248
6.309694,19,1849.612441
4.835442,16,1850.031956
2.423819,22,1850.613438
7.060931,21,1851.165472
9.102367,26,1851.836583
6.938635,21,1852.388021
7.44476,22,1852.949864
3.119268,24,1853.57737
8.005725,24,1854.215233
7.028196,20,1854.742716
7.739295,22,1855.334199
9.121959,25,1855.979367
7.381888,21,1856.532769
6.328775,19,1857.041157
9.500639,27,1857.736116
7.387882,22,1858.315516
6.276858,19,1858.822253
5.074381,17,1859.281582
7.870283,23,1868.770086
5.786345,18,1869.259427
7.718621,23,1869.859545
6.852814,21,1870.398237
9.290822,26,1871.099634
7.185474,21,1871.639724
7.523455,23,1872.239188
5.863558,19,1872.731816
8.463798,24,1873.357661
5.264152,17,1873.805249
8.100026,24,1874.41743
6.574307,19,1874.89999
8.052035,24,1875.524485
3.982911,25,1876.17467
7.866713,23,1876.773738
2.740374,23,1877.372802
5.824371,18,1877.854704
6.493925,19,1878.360543
6.2942,19,1878.869312
5.632435,18,1879.344291
6.089303,19,1879.837635
3.012752,24,1880.463863
5.185255,17,1880.907042
7.256443,22,1881.487327
7.212294,22,1882.060938
6.511734,20,1882.578284
8.128311,24,1883.201479
9.128594,27,1883.880816
7.41956,21,1884.439299
7.283299,21,1884.991355
6.780251,20,1885.520456
7.032977,22,1886.083047
6.922537,21,1886.640056
8.653822,25,1887.290504
6.97127,21,1887.843606
7.392222,22,1888.423126
2.94198,23,1888.998725
7.213755,21,1889.558827
7.415452,22,1890.135295
6.577368,21,1890.688608
6.552923,20,1891.207118
6.331973,20,1891.739528
8.539462,24,1892.366367
6.967537,21,1892.921239
6.150782,19,1893.41556
8.047155,23,1894.037573
7.785951,23,1894.638938
7.266731,22,1895.216664
7.95692,23,1895.817737
7.347429,22,1896.398553
2.691445,22,1896.976758
6.853893,21,1897.529801
7.419989,22,1898.109317
5.855467,18,1898.580099
7.687911,24,1899.224494
6.271767,19,1899.715968
6.742734,21,1900.285861
8.011299,23,1900.888566
6.245932,18,1901.369782
7.331923,22,1901.931929
2.637081,22,1902.496192
5.296548,17,1902.927386
5.158986,17,1903.372524
6.455348,20,1903.899158
7.723304,23,1904.502079
6.658533,20,1905.017007
7.825541,24,1905.644934
6.914154,22,1906.217658
9.12018,27,1906.916741
5.574359,18,1907.386766
7.111252,21,1907.923039
5.584577,18,1908.402166
1.473273,20,1908.919794
6.886467,20,1909.443102
5.283959,18,1909.928191
7.27584,22,1910.490506
7.307527,22,1911.066682
7.11665,22,1911.6451
5.556932,18,1912.126783
5.976722,19,1912.633437
7.124905,22,1913.210192
7.547534,23,1913.811494
8.978153,26,1914.492141
5.87748,19,1914.997446
6.461501,19,1915.49183
2.321668,21,1916.045863
7.452022,22,1916.623315
6.683418,20,1917.154686
7.587974,22,1917.733262
5.698326,18,1918.216571
2.32678,21,1918.759996
6.195463,19,1919.259541
7.134785,21,1919.802432
6.424777,20,1920.319083
6.340852,20,1920.850847
8.454935,24,1921.460737
8.49114,24,1930.982951
9.157963,25,1931.634406
7.472688,22,1932.199958
7.669531,22,1932.778092
7.258875,21,1933.331814
6.932903,21,1933.886634
8.191771,23,1934.493665
6.819755,21,1935.059513
8.016461,23,1935.658961
5.269456,17,1936.090476
1.927222,20,1936.622741
5.538791,18,1937.104995
5.797442,18,1937.586949
8.531288,24,1938.212249
7.647143,22,1938.788001
9.157182,27,1939.490969
7.719718,23,1940.102779
7.641786,22,1940.669633
6.622976,20,1941.169021
8.001842,24,1941.791474
6.043337,19,1942.253917
7.681888,23,1942.851915
5.33847,17,1943.282821
6.183928,20,1943.797363
8.228704,23,1944.401645
3.096637,24,1945.042447
6.769647,20,1945.569951
7.635688,23,1946.171025
6.616519,20,1946.68724
6.106077,19,1947.180154
6.41323,20,1947.709004
2.579012,21,1948.262866
7.010465,21,1948.817405
7.013703,22,1949.399788
7.107631,21,1949.937672
6.431611,20,1950.453379
8.469433,24,1951.094126
6.973789,21,1951.645955
6.165115,19,1952.139143
7.913743,23,1952.728584
2.702217,23,1953.344092
6.901266,21,1953.88494
6.918385,21,1954.431661
7.291301,22,1955.010379
8.496517,25,1955.659162
6.342103,20,1956.190741
6.689489,20,1956.720855
8.231553,25,1957.365483
7.539979,22,1957.92726
3.879809,25,1958.572173
7.977982,23,1959.175078
5.728336,18,1959.654869
7.113685,21,1960.21759
6.239791,20,1960.733439
7.71448,22,1961.309579
8.600541,24,1961.94627
6.588443,19,1962.438752
3.072109,24,1963.065637
6.483615,20,1963.58186
7.744449,22,1964.143576
7.726794,23,1964.745839
7.265011,21,1965.311671
6.350729,20,1965.839294
7.845812,23,1966.441659
7.002729,21,1966.98079
5.590024,18,1967.430436
8.965686,25,1968.073991
7.161727,21,1968.598423
8.075654,24,1969.214611
5.799089,18,1969.697087
7.499856,22,1970.271956
7.824408,23,1970.867723
7.86506,24,1971.48939
7.455397,22,1972.078406
7.412277,22,1972.656627
7.666345,23,1973.252666
8.344325,25,1973.91513
6.76652,20,1974.44794
7.617522,22,1975.022533
5.158052,16,1975.428782
9.008358,26,1976.115376
5.609303,18,1976.596995
7.562468,23,1977.180356
8.301605,24,1977.808752
7.515209,21,1978.348349
7.969491,24,1978.975485
7.078404,22,1979.558958
2.039289,21,1980.098522
7.491463,22,1980.678012
8.158125,23,1981.279432
7.256929,22,1981.856398
8.742853,25,1982.520668
2.294319,21,1983.062031
8.239874,24,1983.687687
2.225664,21,1984.248599
7.584161,23,1993.898596
7.317408,22,1994.471827
7.756187,24,1995.102128
8.87934,25,1995.759618
3.078114,23,1996.361868
7.447261,22,1996.935878
6.827668,20,1997.466023
7.277014,22,1998.045143
6.289662,19,1998.547175
6.78582,21,1999.09809
6.526711,20,1999.628871
6.624563,20,2000.156463
6.725457,21,2000.692252
7.071213,21,2001.21558
1.017131,19,2001.722292
6.551116,21,2002.260575
7.756137,23,2002.872454
6.693585,20,2003.375216
7.656518,22,2003.939238
7.70807,23,2004.547113
7.727718,22,2005.106356
3.527152,24,2005.717622
6.032274,19,2006.208915
6.456797,19,2006.698611
7.619324,22,2007.271804
6.671662,20,2007.800878
7.568851,23,2008.413548
9.06723,26,2009.095294
6.561171,20,2009.614503
6.37695,19,2010.120998
6.763877,21,2010.658673
7.984674,23,2011.269946
1.430604,20,2011.799921
7.185025,22,2012.359181
7.947196,24,2012.980731
7.284489,21,2013.517798
4.070223,25,2014.174511
7.157592,21,2014.724267
6.108597,19,2015.201431
8.099255,23,2015.812693
7.207899,22,2016.384384
8.699173,24,2017.008728
7.052354,21,2017.562136
6.376531,20,2018.088827
8.904152,25,2018.738693
6.074416,19,2019.24804
3.956373,25,2019.896633
7.154694,22,2020.473095
6.532546,20,2020.973208
6.675697,20,2021.50258
5.395107,17,2021.962545
7.473592,21,2022.500978
7.739107,23,2023.099367
7.519452,22,2023.673929
6.394194,20,2024.204869
8.516241,25,2024.865868
7.861652,23,2025.463679
1.948587,21,2026.015229
9.487714,26,2026.682222
6.538107,19,2027.189638
6.576172,20,2027.715021
3.758519,25,2028.363312
4.43397,26,2029.023607
7.77421,23,2029.62235
7.548178,22,2030.195117
7.50321,22,2030.757581
7.258774,22,2031.328448
6.782863,21,2031.879423
7.118699,21,2032.428072
7.01797,22,2033.001946
6.522056,21,2033.549835
9.13025,26,2034.233285
8.534094,25,2034.889506
5.809316,18,2035.354513
7.581875,23,2035.95593
7.212449,22,2036.516545
6.589006,20,2037.033241
7.913607,22,2037.59342
8.001893,23,2038.179795
6.832925,21,2038.719577
7.930213,22,2039.297078
7.392977,22,2039.873379
7.356094,22,2040.436171
7.425198,22,2041.012595
2.824992,23,2041.612386
3.219722,23,2042.224785
2.509887,22,2042.802204
7.390669,22,2043.379696
5.547079,18,2043.851971
7.061719,21,2044.395204
6.988967,22,2044.961549
7.044917,21,2045.498604
7.384091,22,2046.087864
6.6559,20,2046.621485
7.424488,22,2056.204804
7.492102,22,2056.783298
6.906205,21,2057.338364
8.606369,24,2057.949221
7.828348,24,2058.573983
6.519443,20,2059.089771
7.687248,23,2059.694569
4.747683,16,2060.128989
6.290098,19,2060.636013
3.063003,23,2061.236565
6.378012,20,2061.766534
8.216697,24,2062.391201
6.802384,21,2062.928533
5.921626,18,2063.410377
7.341139,21,2063.95008
7.025508,21,2064.505049
7.73578,23,2065.104269
6.901503,22,2065.679285
2.428609,22,2066.242059
7.787091,21,2066.78104
7.22533,22,2067.359627
6.15347,19,2067.863239
4.825836,16,2068.284317
6.852476,21,2068.809947
8.904925,24,2069.430495
8.13622,23,2070.037688
6.791618,21,2070.571674
2.947941,24,2071.176432
7.386624,22,2071.761531
7.205779,21,2072.298884
7.927266,23,2072.884895
6.161965,20,2073.402917
8.349313,25,2074.036604
1.873389,21,2074.581197
7.608912,22,2075.159081
7.613239,23,2075.759732
6.354096,20,2076.289761
7.156562,21,2076.844553
5.0145,17,2077.301747
8.411902,23,2077.90047
5.177628,17,2078.344307
5.407136,18,2078.826687
6.771165,21,2079.370759
7.637921,22,2079.949621
5.922957,18,2080.430663
6.757733,21,2080.981745
3.816457,25,2081.643133
6.022072,19,2082.135056
6.419307,20,2082.663391
7.980058,23,2083.262561
7.566146,22,2083.839515
1.366749,19,2084.34687
3.557132,24,2084.970752
8.055248,23,2085.559391
5.412013,18,2086.041271
6.26541,18,2086.495503
6.601927,20,2087.010286
6.862879,20,2087.537359
7.087827,22,2088.114382
8.677445,26,2088.800236
5.351685,18,2089.256297
6.794653,21,2089.807919
7.347878,22,2090.383668
7.608923,22,2090.961051
8.902641,25,2091.6091
7.892106,24,2092.230091
7.986933,24,2092.861272
6.64877,21,2093.408666
6.135286,19,2093.909081
8.306681,25,2094.558254
7.464678,22,2095.132876
4.9724,17,2095.586105
7.987701,23,2096.181523
7.048928,21,2096.730242
3.121601,23,2097.326456
5.620518,19,2097.827001
7.820369,23,2098.423626
7.039786,22,2098.996329
6.898128,21,2099.547674
9.126152,26,2100.217201
7.581547,22,2100.789102
6.079174,19,2101.290952
5.957244,19,2101.793247
6.773024,20,2102.317622
6.485215,20,2102.830591
7.868787,22,2103.402563
7.874619,22,2103.975713
1.978413,21,2104.526806
7.876895,23,2105.135036
7.747384,22,2105.706048
6.143224,19,2106.20859
5.535009,18,2106.675021
3.101528,24,2107.296467
6.739185,20,2107.823392
5.657909,18,2108.302068
5.828675,18,2108.76752
2.789445,23,2118.32706
7.106551,22,2118.904991
6.700768,21,2119.458233
6.695299,20,2119.99048
6.016292,19,2120.485167
7.463303,21,2121.035371
7.908476,22,2121.601048
7.326037,21,2122.169159
7.602619,23,2122.763517
7.794995,22,2123.321885
7.37523,21,2123.846554
8.528873,25,2124.509603
6.916369,21,2125.061021
7.073699,21,2125.611262
7.745702,24,2126.23245
6.510027,20,2126.75977
7.291526,21,2127.308719
6.608773,20,2127.835111
9.816673,27,2128.527338
5.647807,18,2129.005861
7.644409,22,2129.582384
3.58602,24,2130.204716
6.38076,19,2130.707666
7.765175,22,2131.278078
8.375083,23,2131.873717
7.454996,22,2132.44565
8.252955,24,2133.064399
5.99954,19,2133.5384
1.717504,20,2134.064117
7.339565,22,2134.628096
7.587384,22,2135.189377
8.056037,24,2135.811577
7.007202,21,2136.363091
7.824831,22,2136.936044
5.407675,18,2137.415529
7.272277,22,2137.977975
7.677855,21,2138.517194
6.988798,20,2139.043817
8.675211,25,2139.709315
1.454063,19,2140.199767
7.696415,22,2140.762281
7.339722,22,2141.33599
5.534268,18,2141.790356
3.282019,23,2142.402376
7.897914,24,2143.023991
6.663656,20,2143.550652
6.612338,20,2144.076066
7.414442,22,2144.654227
7.61705,23,2145.241648
2.977676,23,2145.824595
6.777668,21,2146.388394
6.402425,20,2146.902541
6.400986,20,2147.418312
6.652903,21,2147.967157
6.318045,20,2148.481251
2.984102,23,2149.065939
6.836801,20,2149.600412
6.487105,20,2150.113568
2.398453,22,2150.661618
7.063319,21,2151.190942
7.330239,21,2151.729178
6.328945,20,2152.257798
6.130359,19,2152.759146
6.365269,19,2153.264869
7.162208,22,2153.82442
7.072146,21,2154.375653
5.557628,18,2154.854336
8.570961,25,2155.501587
7.570523,22,2156.057758
7.935967,22,2156.629208
5.592673,18,2157.109654
6.477582,20,2157.636047
3.716061,24,2158.256365
2.45966,22,2158.832864
8.737383,24,2159.472035
6.584711,20,2159.996943
6.80922,20,2160.52454
8.165902,23,2161.122344
8.564252,24,2161.741172
6.69964,21,2162.294969
6.961304,21,2162.845321
9.105183,25,2163.505354
5.38206,17,2163.95015
6.61564,20,2164.483915
7.306191,22,2165.046342
6.27279,20,2165.545859
6.034577,18,2166.012215
6.145856,19,2166.487896
7.590629,21,2167.038406
7.141284,21,2167.576761
6.069992,19,2168.051903
1.370856,20,2168.552498
5.937091,18,2169.019372
5.968941,19,2169.528252
2.102369,21,2170.079023
8.573922,24,2170.716214
7.685775,22,2171.295799
7.841333,23,2180.882413
6.831924,21,2181.433259
7.923126,22,2182.012617
7.535338,22,2182.590457
1.96381,20,2183.10383
7.417148,21,2183.655346
7.490796,21,2184.21054
2.990492,23,2184.815326
6.904156,20,2185.329253
6.038881,19,2185.819315
6.71862,20,2186.34865
7.421503,22,2186.926346
5.645848,17,2187.35653
7.266203,21,2187.905636
6.910378,21,2188.45896
4.608918,27,2189.168434
7.578123,22,2189.761031
6.781514,21,2190.298744
5.401779,17,2190.728129
5.081087,17,2191.169753
7.30543,21,2191.720421
7.499178,22,2192.294258
6.948095,21,2192.85019
7.302229,22,2193.452493
7.141393,21,2193.989369
1.96312,20,2194.521953
7.729041,22,2195.09776
2.353839,21,2195.638791
7.323299,22,2196.214946
6.321446,19,2196.720501
7.067816,21,2197.260183
5.255162,17,2197.691539
6.63523,20,2198.219198
7.11002,20,2198.744664
6.922784,21,2199.295642
6.901875,21,2199.857965
7.662063,22,2200.444251
7.469716,22,2201.02018
6.415212,20,2201.55089
2.438557,21,2202.103439
6.102616,19,2202.609158
7.265853,21,2203.163565
5.333645,17,2203.60852
8.569692,24,2204.235126
7.095396,21,2204.792496
7.996375,23,2205.395295
6.744128,20,2205.924535
2.146657,21,2206.464031
7.050406,21,2207.030505
6.828557,21,2207.583492
3.800002,25,2208.230994
7.117927,22,2208.83534
7.545833,22,2209.405594
5.846084,19,2209.895255
5.921728,18,2210.362117
7.607134,23,2210.96424
7.26023,21,2211.518511
6.796718,20,2212.045823
5.722934,18,2212.51386
5.37318,17,2212.972475
8.073384,23,2213.574383
7.453352,21,2214.125837
6.250167,20,2214.660227
6.809451,20,2215.18992
7.12248,21,2215.754402
8.245856,24,2216.376276
8.554552,25,2217.025467
8.148006,23,2217.614294
7.988735,24,2218.237048
5.312572,17,2218.693455
6.977586,21,2219.260702
7.324892,21,2219.820703
6.223869,19,2220.311734
7.247567,22,2220.886618
5.854647,18,2221.366135
0.802706,18,2221.847216
8.565213,25,2222.493042
7.008129,20,2223.022041
3.837562,25,2223.671559
4.910508,16,2224.092816
7.248256,21,2224.635891
7.517789,22,2225.21167
7.144093,21,2225.765007
7.965994,23,2226.351316
6.822805,21,2226.90376
8.135982,23,2227.507079
6.044788,19,2228.001559
7.836609,24,2228.626267
8.032107,23,2229.227891
6.667083,21,2229.772227
7.522122,22,2230.362943
6.483506,20,2230.880168
7.768859,23,2231.479161
5.87159,18,2231.948492
7.215906,21,2232.504161
6.611482,20,2233.023821
3.466647,24,2233.663535
6.621024,20,2234.182843
5.706295,18,2243.704299
8.140488,24,2244.330395
7.394339,21,2244.876688
6.146953,19,2245.384345
2.588863,22,2245.963019
6.306416,19,2246.467834
4.150389,25,2247.119151
8.794323,25,2247.77817
8.347081,24,2248.391618
3.686349,25,2249.040932
5.711155,18,2249.513504
7.258458,23,2250.115139
8.570607,24,2250.740486
6.521287,20,2251.2699
4.880175,16,2251.689318
7.852164,23,2252.289437
7.208368,22,2252.853537
8.035045,24,2253.477071
5.939334,19,2253.983295
5.888056,18,2254.455242
7.154211,21,2254.996568
7.633575,22,2255.572075
6.343449,19,2256.063056
7.352476,21,2256.606352
7.590187,23,2257.206445
6.871175,21,2257.744234
7.666692,22,2258.309237
7.198612,21,2258.86355
6.400135,20,2259.364614
6.631752,20,2259.897691
8.211055,24,2260.536784
5.640058,18,2261.017416
5.023555,17,2261.46261
6.233245,19,2261.952359
7.253751,21,2262.500972
6.862924,21,2263.053081
7.101408,22,2263.61585
7.980667,24,2264.226132
6.525918,20,2264.745767
6.813067,20,2265.263527
6.980604,21,2265.829714
6.010847,19,2266.322035
8.675488,25,2266.968151
6.974305,22,2267.529321
7.085075,22,2268.09441
6.906385,22,2268.658276
6.287716,20,2269.174408
7.988555,24,2269.801484
7.456984,23,2270.4007
8.113676,23,2270.985694
5.331675,17,2271.417552
9.572745,27,2272.115779
3.100036,22,2272.683036
8.042008,23,2273.284586
7.180573,21,2273.839362
6.999748,22,2274.420154
8.413086,24,2275.034261
6.698427,21,2275.587607
6.651715,20,2276.101481
5.758225,19,2276.605003
6.069437,19,2277.113751
7.041901,21,2277.668878
5.86489,18,2278.149433
5.469908,18,2278.603279
3.01777,23,2279.216853
8.803886,25,2279.870726
6.631894,20,2280.384028
6.926054,21,2280.935761
8.49603,24,2281.563266
5.100324,17,2282.006821
6.875326,21,2282.557843
7.196666,21,2283.106734
8.450312,24,2283.727694
6.129612,19,2284.230788
7.503798,21,2284.781848
6.809962,21,2285.333492
2.673196,22,2285.907535
5.228042,17,2286.336779
5.311996,17,2286.795643
6.94265,21,2287.347852
6.415221,19,2287.852216
8.103711,23,2288.455357
7.361234,21,2289.011389
7.448625,21,2289.578283
6.084311,19,2290.058401
8.699261,25,2290.706557
3.432131,24,2291.329935
9.211502,25,2291.97772
8.767916,25,2292.639642
8.248649,23,2293.239616
6.968936,21,2293.793077
7.080739,21,2294.346779
7.914385,23,2294.952051
5.739538,18,2295.422505
8.619543,24,2296.045219
5.654909,18,2296.50261
6.708383,20,2306.070641
6.473643,20,2306.604248
5.662543,18,2307.086511
9.202382,25,2307.734997
6.732915,20,2308.250855
7.546535,23,2308.841444
3.180982,23,2309.460066
7.193118,22,2310.035918
6.29014,19,2310.528878
6.799154,22,2311.105014
6.524323,19,2311.595126
7.422729,22,2312.171254
6.749847,21,2312.712592
7.5325,22,2313.28896
9.356926,27,2313.982665
5.862224,19,2314.492349
7.93479,23,2315.09284
7.239628,22,2315.668515
7.006311,21,2316.206525
5.99334,19,2316.714515
7.345491,21,2317.266629
7.139491,22,2317.842163
7.304392,22,2318.40448
7.891819,23,2319.00424
6.435352,20,2319.539145
7.667572,22,2320.116392
6.9124,22,2320.693352
5.650223,18,2321.172571
7.079417,20,2321.703901
7.219531,21,2322.243784
5.076351,17,2322.688727
6.395709,20,2323.204745
7.474694,23,2323.816685
7.409444,21,2324.371958
7.3994,22,2324.955847
6.566117,20,2325.47104
7.921336,24,2326.097998
8.166361,24,2326.722969
8.796756,25,2327.372338
8.077415,24,2327.99561
5.122842,16,2328.429885
8.278061,25,2329.093904
5.974751,18,2329.568508
6.52309,20,2330.09979
8.269037,25,2330.748204
7.780407,23,2331.350714
6.257091,19,2331.858838
6.472022,20,2332.37569
6.221222,19,2332.885177
6.946778,22,2333.463279
7.524263,23,2334.063425
7.259784,21,2334.622151
4.183861,25,2335.286783
6.17969,19,2335.793964
8.282078,25,2336.444222
4.031061,26,2337.117874
5.502959,17,2337.561788
4.316934,15,2337.9579
2.95134,22,2338.520602
5.146244,17,2338.965614
5.855256,18,2339.435973
6.843531,20,2339.95765
6.533333,20,2340.472041
8.264062,24,2341.093635
7.323612,22,2341.683719
7.204926,21,2342.218499
6.211938,19,2342.70865
6.896946,20,2343.241365
2.765816,22,2343.819408
6.055585,19,2344.307212
8.310016,23,2344.90553
8.069193,22,2345.478945
6.89371,21,2346.029619
6.698789,20,2346.559555
7.642529,22,2347.134168
8.569701,24,2347.756165
6.785284,21,2348.295112
8.027649,23,2348.868507
7.2528,22,2349.445563
4.189114,26,2350.133341
7.565881,22,2350.697115
8.161141,24,2351.322867
5.435334,18,2351.791721
7.754902,22,2352.369065
6.335825,20,2352.898947
8.126373,23,2353.489881
6.707379,21,2354.042817
7.252772,22,2354.624601
9.085062,27,2355.322103
7.918039,23,2355.912818
8.479486,24,2356.549963
8.4164,25,2357.212292
8.442915,24,2357.85226
4.701251,16,2358.275402
6.62757,20,2358.777314
2.64644,22,2368.480961
6.728627,20,2369.00299
8.22058,24,2369.632204
5.995075,19,2370.122633
6.27145,20,2370.654301
7.450241,22,2371.231171
7.866166,24,2371.841711
8.343997,25,2372.492224
6.920228,21,2373.030443
8.360997,26,2373.702934
7.826738,23,2374.303759
7.001481,21,2374.872704
8.017572,25,2375.507894
6.417304,20,2376.022113
3.349181,24,2376.64634
6.413694,20,2377.162693
7.825968,23,2377.762279
6.035171,19,2378.249543
7.431613,22,2378.826865
5.841736,18,2379.308691
7.203551,22,2379.886538
6.464776,20,2380.412647
7.159727,21,2380.967115
6.259349,20,2381.480128
6.544948,20,2381.993844
8.254244,24,2382.614173
7.861157,23,2383.215375
6.247024,19,2383.718982
7.527469,22,2384.293015
4.95571,17,2384.742426
8.565816,24,2385.367444
8.354915,25,2386.027606
6.600383,20,2386.545083
5.75394,18,2386.999196
3.964296,26,2387.686521
6.72971,20,2388.214774
6.300345,20,2388.730744
6.192948,19,2389.237984
5.355513,17,2389.676533
3.537711,25,2390.337106
7.419317,22,2390.915886
6.628906,21,2391.45737
2.630251,22,2392.035448
8.96816,26,2392.712852
8.500062,25,2393.35931
7.110181,21,2393.914359
6.756828,21,2394.470136
7.499605,23,2395.076149
7.389199,22,2395.639583
7.507324,22,2396.192345
7.573813,22,2396.784135
5.141463,17,2397.226722
7.570597,22,2397.799993
7.792774,25,2398.443129
8.011145,25,2399.102049
6.850531,21,2399.655095
6.335311,20,2400.168481
8.292919,25,2400.826995
5.648961,18,2401.294459
7.443682,23,2401.878766
3.074465,24,2402.513645
2.831625,23,2403.113868
6.464799,20,2403.62876
7.201447,21,2404.16722
5.301613,18,2404.625914
8.467577,25,2405.269525
6.99186,21,2405.819467
8.306219,24,2406.444922
4.386486,27,2407.137977
7.867102,23,2407.724538
6.027372,19,2408.214643
7.345058,22,2408.788471
3.043975,23,2409.398996
8.187955,24,2410.026216
7.484011,22,2410.602005
6.55151,20,2411.130891
5.501439,18,2411.599073
7.335246,22,2412.158844
6.43483,20,2412.676571
7.54951,23,2413.27667
3.407763,25,2413.923444
3.599849,25,2414.588833
8.632576,25,2415.250864
5.925653,19,2415.746749
7.918775,23,2416.363223
7.983938,23,2416.950373
7.524848,23,2417.554697
5.357858,18,2418.039123
6.721432,20,2418.557436
7.512175,23,2419.155202
6.681305,20,2419.691475
5.901865,19,2420.18551
5.475926,18,2420.640589
6.983346,21,2421.167201
6.493999,20,2421.69675
2.114532,21,2431.353535
7.077411,22,2431.932986
6.367082,20,2432.453442
6.194128,19,2432.946824
7.47245,23,2433.548154
6.701038,21,2434.103226
6.702337,20,2434.623837
6.897428,21,2435.179387
2.576291,23,2435.780025
6.00245,19,2436.287502
7.988748,24,2436.912873
6.863826,22,2437.491812
7.634006,23,2438.09025
8.388304,25,2438.738209
6.817908,22,2439.316827
7.29486,22,2439.9004
7.877389,23,2440.501413
7.360047,22,2441.078639
7.806597,24,2441.699332
7.066245,21,2442.238254
4.35339,27,2442.947526
7.870071,25,2443.607248
7.295312,21,2444.146578
2.595539,22,2444.702674
6.760688,21,2445.244029
2.473989,22,2445.806722
8.970938,25,2446.441848
5.484675,18,2446.910804
2.851796,23,2447.514801
6.792574,21,2448.067756
3.662576,25,2448.714823
8.156313,24,2449.356399
7.1013,22,2449.92461
7.394364,22,2450.487609
6.91847,21,2451.030437
7.883762,24,2451.65491
7.874438,24,2452.266695
8.51299,26,2452.951469
7.340354,22,2453.51345
7.292092,22,2454.092386
7.080261,22,2454.675342
6.23663,20,2455.205756
8.467194,26,2455.880535
7.579631,22,2456.476316
5.989141,19,2456.955297
6.811966,21,2457.509454
8.102043,24,2458.134386
6.149075,19,2458.638912
7.623033,23,2459.241267
5.763228,19,2459.748612
7.559698,21,2460.301373
7.098971,21,2460.826783
5.744722,18,2461.279981
7.219409,22,2461.845309
5.800558,19,2462.340742
7.603932,23,2462.94374
8.133775,24,2463.557503
7.556047,23,2464.174133
7.863599,25,2464.833143
7.65399,23,2465.433283
6.06091,20,2465.950175
8.87625,25,2466.640876
6.757852,20,2467.145244
7.686263,23,2467.734966
8.125774,23,2468.33637
5.72924,19,2468.826072
7.213411,22,2469.402103
7.447099,21,2469.949039
6.635182,20,2470.464571
6.37914,20,2470.980311
8.255773,23,2471.583894
7.002029,22,2472.147066
6.401009,20,2472.675984
5.887694,19,2473.183461
8.182559,25,2473.846078
7.205023,22,2474.41003
6.581468,21,2474.971007
3.757066,26,2475.643181
7.735737,23,2476.243338
8.279942,25,2476.894224
7.700075,23,2477.509388
8.21169,25,2478.158745
8.288832,23,2478.762193
5.164265,17,2479.223449
6.428455,19,2479.721335
7.360707,23,2480.308444
7.579803,23,2480.899877
5.831604,19,2481.409781
8.098147,24,2482.036021
8.708727,25,2482.669045
7.364611,22,2483.25063
5.897712,19,2483.759289
8.202125,24,2493.592638
8.387648,24,2494.234959
7.010423,22,2494.819021
8.511786,25,2495.483583
6.92186,21,2496.038532
6.610944,20,2496.568341
7.404417,22,2497.145118
8.457682,25,2497.797038
7.065442,21,2498.350253
3.076165,24,2498.964458
7.753318,23,2499.56737
6.540262,21,2500.111622
7.238485,23,2500.712865
5.828263,19,2501.218328
7.825198,23,2501.805318
7.172849,22,2502.3819
7.631392,22,2502.957726
7.456631,22,2503.530136
6.883678,21,2504.085118
7.276379,21,2504.628456
7.843656,23,2505.226903
6.700087,20,2505.744074
7.347995,22,2506.320801
7.368653,21,2506.882761
1.422089,20,2507.412727
8.795047,27,2508.129681
7.034202,21,2508.653786
7.736311,24,2509.278548
6.420977,20,2509.797237
8.121281,25,2510.444608
7.555898,23,2511.04218
8.260302,26,2511.706622
7.249092,23,2512.302491
8.906861,27,2513.003566
7.190724,22,2513.597755
5.914173,19,2514.086339
8.034474,24,2514.698944
3.810848,26,2515.39126
7.63995,24,2516.044703
7.196591,22,2516.646354
6.750877,21,2517.172503
6.682626,21,2517.723674
7.893942,23,2518.324571
7.30649,22,2518.89525
7.0773,22,2519.472065
3.226495,24,2520.098393
5.558204,18,2520.564448
6.491194,20,2521.07806
7.252042,22,2521.652423
7.104725,22,2522.22386
7.902747,23,2522.823775
6.903685,21,2523.37535
7.206561,22,2523.947689
7.351374,22,2524.521801
6.108055,18,2525.004805
7.052417,21,2525.557145
6.63575,21,2526.106125
9.513368,29,2526.838908
7.198821,23,2527.43873
6.199471,19,2527.947253
7.324076,22,2528.520648
7.207305,22,2529.093716
7.709078,22,2529.65865
8.232529,24,2530.280643
7.074309,21,2530.827982
6.599293,21,2531.362204
9.459501,27,2532.039045
7.306994,23,2532.635555
8.673928,26,2533.299249
6.532435,21,2533.842509
7.557545,23,2534.424426
5.324853,18,2534.913958
6.901935,22,2535.485661
5.071057,17,2535.938804
8.859309,26,2536.606028
7.735701,22,2537.177067
9.458515,27,2537.860885
6.229919,19,2538.346418
7.035856,22,2538.916776
9.052186,27,2539.619609
8.102363,24,2540.240852
5.988606,19,2540.729664
1.578749,21,2541.282202
7.265638,22,2541.85727
8.33602,25,2542.501697
7.391326,22,2543.077356
8.749556,26,2543.750597
7.115062,22,2544.32568
3.456098,24,2544.951285
8.647557,26,2545.625231
7.33948,22,2546.22351
6.059933,19,2546.719777
7.665938,23,2556.503054
6.581134,21,2557.064548
9.171753,26,2557.754307
8.044195,24,2558.418435
7.1737,23,2559.038903
7.107281,21,2559.590906
6.026883,19,2560.108882
5.389721,18,2560.602525
6.892186,21,2561.175192
8.191108,25,2561.829948
5.263243,18,2562.308495
7.639417,23,2562.904695
7.668605,24,2563.553783
6.686759,20,2564.104095
5.913736,19,2564.59044
8.290514,25,2565.258862
6.865012,22,2565.873741
7.339525,23,2566.485221
6.616829,21,2567.041506
2.204342,21,2567.609749
3.519704,24,2568.267501
6.136135,20,2568.791663
7.431542,22,2569.382349
2.486737,22,2569.979043
7.116163,22,2570.54416
7.981458,23,2571.168929
2.155065,21,2571.72962
4.525491,28,2572.452288
5.558865,18,2572.91888
7.318914,23,2573.525729
6.840835,22,2574.110848
7.685231,24,2574.748684
5.537929,18,2575.231728
6.243644,20,2575.748774
2.58087,24,2576.380068
5.964152,19,2576.867943
3.823175,27,2577.572218
4.558374,27,2578.25898
6.694002,20,2578.786307
0.937382,18,2579.267138
7.218326,22,2579.828318
5.939081,19,2580.306122
7.14281,21,2580.857124
7.806171,24,2581.493055
3.38219,25,2582.143943
8.849382,26,2582.798048
3.447414,26,2583.466118
7.599609,24,2584.100026
6.132778,20,2584.610853
6.426037,20,2585.126472
7.421238,23,2585.709554
6.889012,22,2586.285915
3.233428,25,2586.916131
6.835617,21,2587.466621
6.247717,20,2587.996924
4.343139,15,2588.375463
2.785333,23,2588.956481
9.436526,28,2589.658154
8.081132,24,2590.280908
8.150551,26,2590.954175
5.211718,17,2591.397069
7.719896,24,2592.017986
8.9265,26,2592.683709
8.909962,27,2593.374309
8.538565,25,2594.016391
7.636417,23,2594.611549
7.057219,21,2595.16555
8.139949,25,2595.814287
7.114722,22,2596.369777
5.352194,18,2596.82107
7.089053,22,2597.385317
8.532583,25,2598.026489
7.219938,22,2598.598676
6.370251,20,2599.12345
6.722478,21,2599.6566
7.521378,23,2600.257366
6.688344,21,2600.80361
8.681348,25,2601.453168
7.192518,22,2602.021554
6.511595,20,2602.543878
7.915181,24,2603.162879
7.634893,23,2603.743757
8.348402,24,2604.360537
8.099545,25,2605.00662
6.067174,19,2605.509164
2.952475,24,2606.127984
7.329469,23,2606.695786
6.371275,20,2607.199462
5.635721,18,2607.678519
6.767411,21,2608.217745
8.167028,25,2608.849597
6.612382,21,2609.403912
6.622628,21,2619.283268
7.21532,22,2619.864119
4.109607,26,2620.546929
3.054287,25,2621.197273
7.767414,24,2621.834052
6.598034,21,2622.358089
5.686855,18,2622.824214
3.183652,25,2623.484099
7.597908,24,2624.104963
8.42883,26,2624.772724
6.833327,21,2625.320034
7.140131,22,2625.892123
3.258081,24,2626.514104
7.211137,22,2627.073768
8.08989,24,2627.697758
8.533452,26,2628.379306
7.423351,23,2628.976459
6.435071,21,2629.532543
7.281179,22,2630.099186
5.986782,20,2630.612385
6.873241,21,2631.166863
8.231744,24,2631.787447
6.493485,20,2632.306138
3.093067,24,2632.912368
7.029482,22,2633.484923
7.949944,25,2634.129493
8.310365,26,2634.803442
7.512309,24,2635.423861
4.265943,28,2636.157094
5.981698,19,2636.634496
6.047871,19,2637.138319
7.424135,23,2637.742971
9.056204,27,2638.444626
5.860006,19,2638.94176
6.568918,21,2639.494842
5.268028,17,2639.914384
4.940211,29,2640.664645
8.146601,25,2641.323994
6.959859,22,2641.888735
5.29461,18,2642.340891
8.569079,26,2643.020847
6.016073,19,2643.518554
6.871494,21,2644.070195
8.059723,24,2644.701638
7.639442,22,2645.280161
8.222239,25,2645.927569
8.215868,24,2646.556004
7.755818,23,2647.155463
6.165354,20,2647.683254
6.964047,21,2648.233238
6.283412,20,2648.750492
7.085434,22,2649.313315
7.281947,23,2649.917173
8.334337,25,2650.561658
8.664825,26,2651.248528
2.54627,23,2651.849424
6.584962,21,2652.400138
7.234022,22,2652.974848
8.605431,26,2653.646279
7.868063,23,2654.247501
8.804975,26,2654.917718
8.769243,26,2655.601158
7.608456,23,2656.184411
7.265144,22,2656.753041
7.116987,22,2657.332021
7.025314,22,2657.878269
7.13108,21,2658.423198
6.356827,20,2658.953966
8.55897,26,2659.622629
7.202867,22,2660.186793
8.01319,24,2660.791441
7.995467,24,2661.412132
7.2198,23,2662.011322
8.164408,24,2662.629886
8.372234,25,2663.265994
2.80653,24,2663.890288
7.574971,23,2664.471149
8.21231,24,2665.09034
3.188352,24,2665.729379
6.753581,21,2666.266676
6.72548,21,2666.818793
7.220897,22,2667.393234
7.481356,24,2668.011774
2.557646,23,2668.609182
6.225749,20,2669.140686
2.879866,24,2669.795396
6.242015,20,2670.328207
7.932638,24,2670.966423
6.388045,21,2671.522413
6.26268,20,2672.058973
7.55612,24,2681.857567
7.648548,23,2682.4589
7.854063,23,2683.052389
8.085097,25,2683.694178
9.338043,27,2684.385957
6.024836,19,2684.877987
9.037012,28,2685.592354
7.629541,23,2686.186631
7.705907,23,2686.780719
6.679125,21,2687.338366
6.739905,21,2687.89328
5.504153,18,2688.344411
8.022266,23,2688.916487
8.167502,25,2689.557945
7.008664,21,2690.099921
7.486082,23,2690.685244
8.289834,24,2691.293482
6.42373,21,2691.84288
4.951714,17,2692.271919
7.817696,24,2692.877196
8.247936,25,2693.519961
5.79343,19,2694.015345
6.335933,20,2694.552721
7.808139,24,2695.178858
8.332555,25,2695.822156
7.086302,22,2696.392724
7.353449,23,2696.992797
7.98657,25,2697.634892
6.09565,20,2698.166198
6.313396,20,2698.693716
6.538747,21,2699.228582
7.44153,23,2699.833667
6.362881,20,2700.364437
6.568972,21,2700.914637
6.841268,21,2701.460171
8.1209,24,2702.050369
7.132376,22,2702.624535
7.422933,23,2703.221014
2.751809,24,2703.843493
8.210837,24,2704.460028
4.073803,27,2705.186992
8.27015,25,2705.8302
7.282266,22,2706.40619
6.217491,19,2706.907059
8.634587,26,2707.570221
8.474864,26,2708.246603
7.904775,24,2708.864819
7.591688,23,2709.457038
3.946194,26,2710.110222
6.979315,22,2710.689933
8.612716,26,2711.358021
6.658784,21,2711.910203
7.250552,22,2712.488241
7.468462,23,2713.084795
8.326803,25,2713.733664
7.240482,22,2714.293383
7.678688,23,2714.898272
7.271113,22,2715.474183
8.406731,25,2716.120527
6.755692,21,2716.677389
7.387424,23,2717.275643
7.456898,23,2717.874584
6.396987,20,2718.401428
6.674838,21,2718.949852
7.775606,24,2719.584643
6.786864,21,2720.12633
7.392112,22,2720.68567
3.888087,26,2721.368473
7.893657,24,2721.997767
8.92357,26,2722.6792
6.999685,21,2723.23015
7.938261,23,2723.853082
7.840693,24,2724.494356
2.709159,23,2725.108884
8.363125,26,2725.796751
7.867793,24,2726.446724
8.676377,25,2727.111416
7.410216,23,2727.723666
7.171404,22,2728.307791
7.354177,23,2728.912884
6.987696,22,2729.509248
2.405004,22,2730.090221
7.470055,23,2730.691432
6.401923,20,2731.216349
8.28866,24,2731.834933
8.144922,25,2732.472403
8.108049,25,2733.095639
8.905996,26,2733.758282
6.317306,20,2734.281664
8.720042,26,2744.11571
2.725393,22,2744.696328
9.106972,28,2745.429801
3.226675,25,2746.072838
7.792519,25,2746.701316
7.082035,22,2747.272241
6.640292,21,2747.823305
6.723371,21,2748.371662
7.236971,22,2748.945358
6.277417,20,2749.455328
2.749657,24,2750.079079
7.016823,22,2750.650596
5.35213,17,2751.062209
4.451657,16,2751.489237
8.234476,25,2752.132674
6.696364,21,2752.687026
8.702443,26,2753.358366
7.333779,23,2753.955146
2.999277,24,2754.578768
5.964339,20,2755.09721
6.934005,22,2755.657912
7.203183,22,2756.232721
3.532639,26,2756.902185
7.268089,23,2757.500746
7.475556,22,2758.062665
7.084446,22,2758.63736
7.59886,24,2759.244615
3.340908,26,2759.932172
7.689692,24,2760.566026
7.668372,24,2761.184914
6.440105,20,2761.712426
7.437111,23,2762.328388
8.267532,26,2763.012571
6.30958,21,2763.582798
7.891495,24,2764.217613
7.913688,23,2764.829402
7.081727,22,2765.421515
6.287194,20,2765.953779
6.547271,20,2766.470676
8.79945,26,2767.150726
7.29607,22,2767.727129
7.221485,23,2768.305863
6.368297,21,2768.828394
5.465066,18,2769.294814
7.448141,22,2769.860144
7.829279,24,2770.478475
8.832111,26,2771.152303
2.187165,22,2771.724728
3.608176,26,2772.405261
6.640827,20,2772.913138
7.794623,23,2773.497543
7.990666,24,2774.119537
2.731519,24,2774.737368
5.819259,19,2775.230665
8.086611,24,2775.848464
2.940964,23,2776.448969
7.495777,24,2777.078897
8.655177,27,2777.793026
7.436126,23,2778.399349
7.452833,23,2778.998634
7.097169,22,2779.559575
6.387886,21,2780.102045
7.219681,22,2780.674949
8.191049,25,2781.323721
2.973801,24,2781.943793
6.679496,21,2782.479546
7.91389,24,2783.097369
5.846471,19,2783.600108
8.851211,27,2784.290867
2.948911,25,2784.94073
6.761586,21,2785.476129
5.804109,19,2785.976738
6.988657,21,2786.513338
8.760549,26,2787.185124
8.04479,25,2787.816244
7.712367,25,2788.465135
5.511822,19,2788.953319
6.898289,22,2789.526894
6.440424,20,2790.041234
6.538607,21,2790.596295
7.747065,24,2791.221401
7.249838,22,2791.79472
6.256378,21,2792.344305
4.919445,29,2793.083319
7.622637,24,2793.715553
6.058557,19,2794.221602
7.709718,24,2794.848619
7.52538,23,2795.456544
7.032673,22,2796.024403
6.594048,20,2796.569989
7.361042,22,2806.348042
6.394729,21,2806.910745
5.672957,18,2807.37598
4.352111,28,2808.091425
7.38235,22,2808.681789
6.245537,20,2809.206971
2.632011,23,2809.806207
8.125777,24,2810.438243
8.223264,24,2811.044941
5.129943,17,2811.496745
3.17292,24,2812.117933
7.046991,22,2812.69192
6.176398,20,2813.217096
7.79894,23,2813.812044
6.775944,22,2814.372066
9.501545,27,2815.079858
8.416515,24,2815.696355
6.967267,21,2816.245047
7.87144,24,2816.874709
8.00761,24,2817.485727
7.11356,22,2818.074888
6.724744,21,2818.620671
6.990956,22,2819.200895
7.042968,22,2819.804378
7.240338,22,2820.390975
7.861836,24,2821.027364
7.894294,23,2821.640529
7.378636,23,2822.259284
3.225746,24,2822.891149
8.110186,24,2823.5292
8.664702,24,2824.170746
6.821837,21,2824.73411
8.911986,26,2825.435007
7.683793,24,2826.065084
7.349328,23,2826.667204
7.009481,21,2827.238191
2.710995,23,2827.861293
7.897069,24,2828.498517
6.891164,21,2829.062749
7.692304,24,2829.696337
6.855815,22,2830.279259
7.50388,23,2830.900687
6.91459,22,2831.476976
6.648852,21,2832.050932
7.132854,22,2832.649529
6.955908,21,2833.221668
7.566911,23,2833.824888
7.727998,24,2834.451541
5.871075,19,2834.941427
2.528205,23,2835.551548
5.975033,19,2836.022204
7.489098,24,2836.640402
7.455112,23,2837.215984
7.724592,23,2837.808718
6.296554,19,2838.304809
8.669211,26,2838.964664
4.392989,28,2839.69053
6.910598,22,2840.283923
7.676829,23,2840.875386
7.767096,25,2841.516626
6.461121,20,2842.021177
8.67708,26,2842.71803
8.553261,25,2843.379936
7.917819,24,2844.014091
2.06579,21,2844.553406
8.124599,24,2845.211754
7.728905,23,2845.813702
7.548102,23,2846.423027
6.389244,20,2846.936752
5.694331,19,2847.435171
8.088196,25,2848.100224
6.77071,21,2848.65102
8.668001,25,2849.315187
2.8079,23,2849.938981
6.533061,21,2850.497229
5.606198,18,2850.994214
8.075216,24,2851.630405
6.863978,21,2852.170554
7.63498,22,2852.762071
6.969233,21,2853.329242
6.734625,21,2853.873576
5.707009,19,2854.39989
6.385099,20,2854.906523
5.872231,19,2855.413675
7.563279,23,2856.015327
7.521327,22,2856.588031
8.675808,26,2857.2702
6.736853,20,2857.770252
7.730626,23,2858.380896
7.556882,23,2858.964377
6.36,20,2859.488984
7.579307,23,2869.329538
8.252863,25,2869.988955
9.440024,28,2870.714423
9.083241,27,2871.408757
8.401299,25,2872.047001
7.48985,22,2872.610691
5.2454,18,2873.096746
2.045993,22,2873.669467
6.826566,21,2874.239509
8.19916,25,2874.896648
8.529964,25,2875.569091
8.249944,25,2876.238668
7.892753,24,2876.862521
6.968664,21,2877.408355
7.140882,22,2877.994358
8.176594,25,2878.652816
6.570075,22,2879.231811
7.262762,23,2879.848046
2.798543,24,2880.502114
6.218957,20,2881.053761
7.49763,22,2881.63782
7.14481,22,2882.202208
6.428274,21,2882.779452
7.008048,23,2883.388077
7.373784,22,2883.964747
6.962975,21,2884.519518
3.458281,26,2885.192189
9.496854,29,2885.923997
8.534383,26,2886.577868
7.749586,23,2887.17759
7.352803,24,2887.809433
7.674386,23,2888.405768
8.090673,25,2889.038739
8.036617,24,2889.664397
8.711785,26,2890.34856
6.413385,21,2890.872912
7.901292,24,2891.503083
7.952628,24,2892.135571
7.535733,23,2892.721272
6.468956,20,2893.229631
6.413216,20,2893.753865
6.047782,20,2894.265275
5.751027,19,2894.759111
5.500274,19,2895.266866
7.694872,23,2895.864283
6.634687,21,2896.432076
3.282893,25,2897.093584
4.037551,26,2897.780023
8.197576,24,2898.408929
8.75761,26,2899.086179
6.689705,21,2899.631483
6.213349,20,2900.179188
8.889087,26,2900.849728
8.471464,26,2901.501607
7.549433,23,2902.10027
6.578205,20,2902.605488
6.920345,21,2903.138988
9.226691,27,2903.85568
6.545748,21,2904.389562
8.608354,26,2905.047175
6.105034,20,2905.558842
7.312159,23,2906.161488
3.057993,25,2906.805889
8.680948,25,2907.455872
7.071285,22,2908.027263
5.210293,17,2908.4419
7.107233,22,2909.016165
9.253705,29,2909.758354
6.128889,20,2910.293575
7.62795,24,2910.906983
8.198861,24,2911.526788
8.297804,24,2912.15898
7.348274,22,2912.732347
6.322536,20,2913.266218
7.410409,23,2913.863789
6.779542,22,2914.426337
7.021738,22,2915.004474
2.784691,23,2915.603056
6.551501,21,2916.146853
4.123061,26,2916.816322
7.845887,24,2917.433758
6.84601,21,2917.971606
3.543231,26,2918.642419
5.562255,18,2919.109591
8.10552,23,2919.691144
9.107095,28,2920.410421
7.820745,24,2921.035254
7.748172,23,2921.618675
5.856227,19,2922.095391
6.843149,21,2931.873143
7.820661,24,2932.49269
6.946752,22,2933.062508
6.174968,20,2933.586394
4.694843,28,2934.314297
6.41642,21,2934.856822
4.552317,29,2935.628468
7.535129,23,2936.226163
7.165207,23,2936.824994
7.550991,23,2937.40861
7.164027,24,2938.028811
7.461595,23,2938.606129
7.355327,23,2939.198979
3.213389,25,2939.839521
6.687787,21,2940.38582
8.858003,26,2941.047367
6.906016,21,2941.592146
5.594208,19,2942.089571
6.579557,20,2942.600103
7.444777,23,2943.200063
7.2238,23,2943.809307
8.088024,25,2944.468209
7.283187,23,2945.071018
8.702665,25,2945.746929
7.417352,23,2946.33282
7.594452,24,2946.980794
7.059518,23,2947.599781
9.056206,27,2948.31447
8.766302,26,2949.00545
5.582563,19,2949.526142
8.253089,25,2950.19874
3.77624,26,2950.90081
6.540814,21,2951.449481
7.87644,24,2952.083172
6.852877,21,2952.647637
6.687051,21,2953.228892
5.879001,19,2953.749723
5.798978,19,2954.269168
5.881255,19,2954.771049
8.721209,26,2955.487784
3.941342,26,2956.181115
6.626969,21,2956.76183
6.490937,21,2957.314057
6.665478,21,2957.895351
7.855436,24,2958.548493
6.774668,22,2959.144451
7.915585,24,2959.787637
8.263561,26,2960.482124
8.160261,25,2961.146153
7.08658,23,2961.768542
7.981427,25,2962.4374
8.083035,25,2963.08395
8.051845,24,2963.713408
6.986434,22,2964.284152
8.210524,25,2964.938621
6.935536,22,2965.52284
2.245241,23,2966.11995
8.755137,26,2966.796415
7.920365,25,2967.435724
5.436102,18,2967.886734
6.777317,21,2968.435827
9.211645,27,2969.140531
8.465988,26,2969.81183
8.163434,25,2970.461697
7.300146,23,2971.058648
8.438881,25,2971.703577
6.017717,19,2972.178428
6.298817,20,2972.684568
8.277676,24,2973.302093
7.549624,24,2973.921147
6.974243,22,2974.492572
5.58092,19,2974.991539
7.716577,23,2975.589392
5.938533,19,2976.077175
6.764016,21,2976.625413
6.644685,21,2977.1582
7.944699,24,2977.779388
7.993667,24,2978.387845
9.577095,28,2979.101574
2.175958,22,2979.676132
7.889142,24,2980.273108
8.784859,26,2980.959346
7.962955,24,2981.583436
8.663984,26,2982.242531
8.039988,24,2982.864641
7.008618,22,2983.442154
3.411813,25,2984.098047
7.860164,25,2984.743558
4.112646,28,2985.462398
4.875349,29,2995.510263
4.423538,29,2996.276812
7.720764,24,2996.927502
8.371224,26,2997.619428
6.279413,20,2998.14013
6.665441,21,2998.684056
3.449216,25,2999.348004
9.59115,28,3000.080312
7.582839,24,3000.707675
9.320443,29,3001.459112
8.503257,26,3002.14871
7.201024,23,3002.759363
6.853931,22,3003.373084
6.877017,22,3003.981467
3.342745,27,3004.689671
7.914635,24,3005.339889
6.705758,22,3005.925257
7.828875,24,3006.563927
8.799391,27,3007.309569
8.474743,26,3007.994178
3.242267,25,3008.655124
7.691017,24,3009.286634
11.954962,34,3010.198209
7.573167,23,3010.813293
7.435781,24,3011.444534
7.156165,23,3012.059949
6.298843,20,3012.600229
8.40761,26,3013.286226
7.827616,25,3013.965812
7.314925,23,3014.552199
8.581365,26,3015.238798
2.222307,23,3015.834592
7.915738,25,3016.478816
9.613831,29,3017.223216
7.834296,24,3017.839051
5.964391,20,3018.362286
8.806798,27,3019.052268
7.295304,24,3019.67167
2.85331,25,3020.320284
7.819301,24,3020.939625
7.58267,24,3021.561929
8.95143,26,3022.24638
7.443302,24,3022.852804
7.464718,23,3023.447955
8.078698,25,3024.088072
5.989774,21,3024.628521
7.331049,23,3025.236308
8.055186,24,3025.863295
4.105977,27,3026.569872
3.407494,26,3027.242892
8.746862,26,3027.919906
6.814684,22,3028.492359
8.570678,25,3029.134475
9.460649,29,3029.882504
2.5345,23,3030.481638
7.862823,25,3031.124129
8.49316,26,3031.791717
2.108678,23,3032.387688
3.068629,25,3033.026725
6.43556,21,3033.560139
7.2263,22,3034.130177
8.330396,24,3034.747953
8.02151,24,3035.369001
7.974566,25,3036.007778
7.666422,24,3036.624328
5.652308,19,3037.124848
8.891236,27,3037.806565
7.62031,24,3038.4193
6.856945,22,3038.987683
2.653692,24,3039.589633
7.148527,23,3040.172738
6.360239,20,3040.698374
8.018939,24,3041.318954
7.595598,24,3041.947479
7.261592,23,3042.550538
10.424547,30,3043.314957
8.161488,25,3043.964355
8.939615,28,3044.683663
8.100992,25,3045.336853
8.32339,26,3046.006459
6.853567,22,3046.584405
7.288449,23,3047.184139
3.35605,26,3047.867567
9.2059,28,3057.791667
7.161273,22,3058.385591
7.399474,23,3059.001492
6.921187,22,3059.592364
5.949792,19,3060.096246
7.267342,23,3060.714113
7.862085,24,3061.347378
7.35522,23,3061.965986
6.987904,22,3062.541801
2.819596,24,3063.181656
6.790067,21,3063.743759
6.41777,21,3064.310471
2.250909,23,3064.925971
7.42561,23,3065.540523
7.633662,24,3066.180348
6.759424,22,3066.752649
8.743849,27,3067.44904
7.832707,24,3068.075858
5.796068,19,3068.580637
8.064656,25,3069.238067
7.773941,24,3069.871573
6.943178,21,3070.433223
7.947595,25,3071.108174
8.091444,25,3071.758911
8.647168,26,3072.426834
7.819412,24,3073.049521
7.680629,24,3073.673252
6.300014,21,3074.223335
6.350066,20,3074.722031
6.115031,20,3075.245998
8.702236,26,3075.927021
7.868624,25,3076.567335
7.474771,23,3077.162838
8.015855,24,3077.778545
8.201115,26,3078.449028
8.141917,24,3079.06627
7.273097,23,3079.662051
6.742183,21,3080.210783
5.151954,18,3080.661609
9.876305,30,3081.433946
7.29445,23,3082.025957
1.575353,22,3082.594885
5.878927,19,3083.077462
7.781361,25,3083.719252
6.289824,21,3084.269615
8.095251,26,3084.919946
6.14955,20,3085.45231
8.328205,26,3086.138257
8.052108,25,3086.785937
6.932039,22,3087.34658
6.427893,21,3087.904885
7.789574,24,3088.525964
3.65353,26,3089.202855
7.715992,24,3089.825673
9.367191,27,3090.525142
6.958191,22,3091.115353
7.977373,25,3091.764013
7.43771,23,3092.388083
8.004539,25,3093.059671
3.116117,25,3093.733317
8.092043,25,3094.407802
6.735324,22,3094.998998
7.393216,24,3095.637792
7.930541,25,3096.30404
7.273264,23,3096.91495
3.366562,26,3097.609678
7.60869,23,3098.218812
6.508421,21,3098.779645
8.261746,26,3099.480441
7.790025,24,3100.099565
5.800031,19,3100.619324
8.588428,25,3101.27825
6.895949,22,3101.866447
2.888747,25,3102.527425
9.431453,28,3103.272602
8.215035,24,3103.925576
8.68594,27,3104.629045
6.664565,21,3105.189231
4.184844,28,3105.920962
8.790136,27,3106.619657
3.694674,26,3107.306522
7.982167,24,3107.929799
6.639339,21,3108.469656
6.973164,22,3109.051028
8.260186,25,3109.705349
8.196472,25,3110.359712
7.398782,24,3110.975593
6.495476,21,3120.866857
7.972564,23,3121.468922
2.598249,23,3122.058658
6.616696,21,3122.605316
6.129211,20,3123.130727
3.23122,24,3123.77185
7.99917,25,3124.426528
4.637721,30,3125.207996
7.704269,25,3125.844826
8.263323,26,3126.519079
9.73926,30,3127.305118
6.974616,22,3127.88487
7.777476,24,3128.517712
7.913496,25,3129.172408
5.678689,19,3129.664179
8.267905,27,3130.385876
7.022741,23,3130.963027
7.670959,24,3131.579602
3.218226,26,3132.251461
7.875927,25,3132.88662
5.259765,18,3133.355198
3.012375,24,3133.978382
6.077202,19,3134.481608
8.153106,25,3135.126745
8.407065,26,3135.811575
6.641498,21,3136.347576
8.891506,27,3137.039935
7.382459,23,3137.637611
7.775309,25,3138.25676
5.879005,20,3138.770698
7.322725,23,3139.366901
6.608236,21,3139.924524
2.22691,24,3140.549394
8.10998,25,3141.201952
8.129556,26,3141.87023
5.771108,19,3142.392713
7.046953,22,3142.973151
7.632926,23,3143.545006
6.374093,21,3144.069452
8.48916,25,3144.738616
6.52436,21,3145.300861
7.394257,23,3145.881898
3.133326,26,3146.574142
9.249835,28,3147.301853
9.857805,28,3148.04808
9.01831,27,3148.764922
7.540157,23,3149.385249
8.388679,25,3150.062305
7.333592,25,3150.732792
3.456678,25,3151.399094
6.925955,22,3151.996066
6.853238,22,3152.598513
7.126574,22,3153.185271
3.667459,26,3153.880869
7.063168,22,3154.483723
6.839391,23,3155.104436
7.613919,24,3155.743971
8.117546,25,3156.383223
7.111213,22,3156.9903
7.509133,24,3157.638098
7.194989,23,3158.237738
2.2586,22,3158.832679
7.585567,23,3159.447628
5.921571,20,3159.9934
7.399542,23,3160.600298
8.402247,25,3161.29254
8.576377,25,3161.962252
3.277678,26,3162.65871
6.227757,22,3163.253272
3.749305,26,3163.940794
6.725284,21,3164.500077
7.520504,22,3165.101235
7.870021,26,3165.796391
7.96098,25,3166.451139
8.572573,26,3167.128594
7.873494,24,3167.761235
4.156568,27,3168.468729
7.310776,22,3169.027454
8.057663,25,3169.673603
8.218962,26,3170.36157
7.667976,24,3170.981851
8.245102,25,3171.624371
7.960468,25,3172.2652
8.748441,26,3172.919878
6.683269,22,3173.478231
8.62891,25,3174.131637
6.238248,21,3183.947817
8.042431,25,3184.593778
1.222523,21,3185.1464
9.249465,30,3185.916974
5.890202,20,3186.429424
6.958008,23,3187.025115
3.416308,27,3187.713772
5.821791,20,3188.237291
9.731227,30,3189.00942
7.446172,23,3189.607785
8.138196,26,3190.278374
8.157322,25,3190.922793
7.204864,23,3191.51188
6.535294,21,3192.069163
8.205056,26,3192.753977
7.136629,23,3193.352872
4.315151,29,3194.092666
8.154143,25,3194.737445
6.408991,22,3195.318962
7.242628,23,3195.89802
7.459487,24,3196.52202
7.832754,25,3197.202485
8.424376,26,3197.874684
7.593842,25,3198.546501
8.668958,27,3199.271153
6.746362,22,3199.884338
7.403103,23,3200.503282
8.922501,27,3201.228857
6.859021,23,3201.84055
7.61725,25,3202.520274
7.554958,24,3203.186134
7.409705,24,3203.841628
6.06765,20,3204.355416
8.966182,30,3205.14892
8.062933,26,3205.863244
6.394292,21,3206.427028
9.631673,28,3207.192954
8.826673,27,3207.913153
7.487843,24,3208.540486
7.745498,26,3209.216449
5.03107,31,3210.03242
7.885969,25,3210.702828
7.363692,24,3211.351321
9.622213,29,3212.115408
8.824127,28,3212.854604
8.122875,26,3213.562542
7.343056,23,3214.164361
6.070794,20,3214.689037
6.430328,21,3215.247932
7.524339,25,3215.916726
8.714672,27,3216.627735
7.563703,24,3217.278821
9.246655,29,3218.066983
4.038312,27,3218.782534
7.324311,23,3219.388969
6.069363,19,3219.91463
8.72214,26,3220.599474
7.814249,25,3221.244733
3.528362,27,3221.938292
6.418733,21,3222.490795
6.118917,21,3223.031489
6.499868,21,3223.569868
7.777175,24,3224.193333
6.911856,22,3224.736199
6.473327,21,3225.295519
7.42926,23,3225.886555
9.149006,27,3226.578784
7.508413,24,3227.200037
8.262493,25,3227.828382
7.652475,23,3228.41308
7.758176,24,3229.034016
9.050161,28,3229.75079
6.999082,23,3230.347458
10.231214,31,3231.128823
8.257365,27,3231.820959
8.101973,25,3232.470771
7.245219,23,3233.067459
7.411681,23,3233.651662
7.252688,23,3234.235569
7.237494,22,3234.80915
7.260153,23,3235.407921
5.952583,19,3235.894753
5.420827,18,3236.366737
6.363053,21,3236.902647
5.238938,18,3246.792051
7.048028,22,3247.380189
4.027589,27,3248.0845
7.561261,24,3248.71874
6.700827,22,3249.309937
9.003399,28,3250.03483
5.671317,19,3250.536386
6.848922,23,3251.140169
8.735826,28,3251.8772
7.854691,25,3252.526366
8.078024,25,3253.16951
8.141785,26,3253.838444
7.878805,24,3254.468037
8.253688,26,3255.147003
3.838331,27,3255.841368
7.613432,24,3256.471459
6.399983,21,3257.029234
7.559097,23,3257.62087
8.520718,27,3258.30344
8.037546,25,3258.961938
7.592551,24,3259.592058
6.923617,22,3260.17771
2.681826,26,3260.840476
6.350823,21,3261.391423
3.577527,26,3262.059112
8.014563,25,3262.704064
7.837769,26,3263.377147
3.784585,28,3264.116733
7.954313,25,3264.775366
7.298056,23,3265.381965
7.161333,24,3266.006938
8.686684,27,3266.695795
7.254931,23,3267.282139
6.579721,21,3267.823841
9.22133,27,3268.519174
6.87084,22,3269.096331
8.126376,26,3269.767659
6.914482,22,3270.349042
8.402762,27,3271.028292
7.435239,24,3271.637426
5.462174,19,3272.140713
3.981857,29,3272.87064
6.885127,21,3273.422242
7.680188,24,3274.065303
7.338618,24,3274.702729
7.799475,24,3275.327857
8.126433,26,3276.010712
7.66351,24,3276.645543
2.595051,23,3277.254665
5.84262,20,3277.773431
6.858039,23,3278.388211
6.933067,22,3278.963878
5.944876,19,3279.477372
7.547545,24,3280.115611
6.761012,23,3280.749077
2.051263,22,3281.315783
6.985391,24,3281.923722
3.796512,27,3282.653864
6.614371,22,3283.227356
7.49473,25,3283.919917
9.376627,29,3284.686067
6.734482,21,3285.23448
7.891952,25,3285.905837
7.124901,22,3286.507462
8.440088,26,3287.201173
7.651016,25,3287.864392
7.3696,24,3288.514962
6.655391,22,3289.110468
8.86884,28,3289.846226
6.142038,20,3290.377149
7.005587,23,3291.002572
7.761835,24,3291.64093
6.476667,22,3292.213295
5.813456,19,3292.711493
7.213366,23,3293.308686
8.344252,26,3293.968858
7.998018,24,3294.61236
7.528088,25,3295.267336
9.105005,28,3295.995283
3.767274,26,3296.670949
7.696427,25,3297.324855
8.006974,25,3297.967245
8.038127,26,3298.634284
7.641378,24,3299.256184
7.514437,23,3299.847288
8.518997,26,3309.950729
11.055816,34,3310.828666
8.832666,27,3311.518381
8.807179,27,3312.214555
8.031467,25,3312.860929
7.557766,24,3313.480233
8.676371,28,3314.195504
8.561498,27,3314.894687
8.894358,28,3315.61717
6.28635,22,3316.207119
7.173801,23,3316.793341
8.074055,26,3317.462898
9.463774,29,3318.206139
7.729823,25,3318.850496
4.846926,30,3319.616652
8.568739,26,3320.296278
6.031782,21,3320.838502
9.299532,28,3321.553334
6.803923,22,3322.093628
7.086383,23,3322.673306
7.658655,25,3323.318532
9.629159,30,3324.080559
8.971991,28,3324.792434
7.40719,25,3325.436316
7.038215,23,3326.034354
6.845409,23,3326.627217
7.366062,24,3327.230793
6.862728,23,3327.824497
2.005601,24,3328.442003
7.080875,23,3329.033739
3.745004,28,3329.743459
6.525077,21,3330.287597
7.307247,24,3330.909693
6.418283,21,3331.441642
8.677103,27,3332.116084
6.420443,21,3332.650515
8.52318,28,3333.348356
7.198842,23,3333.940966
6.65037,22,3334.496612
3.263033,27,3335.183649
8.543642,27,3335.904393
8.186403,26,3336.569773
9.568825,29,3337.304786
8.383099,26,3337.97103
8.44205,27,3338.662837
7.275639,24,3339.282304
8.490846,27,3339.9706
7.798259,25,3340.624651
8.339855,26,3341.291403
6.832263,22,3341.860692
8.85947,28,3342.60581
8.391201,27,3343.303941
7.929104,25,3343.946986
7.967955,25,3344.596793
5.091497,19,3345.09555
7.045768,23,3345.69608
6.337408,21,3346.259891
8.195512,26,3346.942406
9.062474,28,3347.684448
6.718545,23,3348.285456
7.190799,23,3348.903765
9.671772,31,3349.728669
7.545894,25,3350.387589
7.433944,25,3351.055459
9.270767,27,3351.760897
7.448558,24,3352.398443
9.554694,30,3353.179529
6.283592,21,3353.733845
7.282558,23,3354.357759
8.427378,26,3355.044637
7.739973,25,3355.717119
6.415901,22,3356.315307
6.9371,22,3356.906172
3.744918,27,3357.617856
6.888738,23,3358.237275
8.437895,26,3358.936711
7.017426,23,3359.561637
7.510995,24,3360.194027
8.610848,27,3360.908038
7.751444,25,3361.577524
6.888383,22,3362.178641
7.815611,25,3362.839846
6.478728,21,3372.858487
7.320554,23,3373.45738
6.724843,22,3374.017761
7.394198,24,3374.63731
8.163176,26,3375.305418
6.596523,22,3375.888342
7.262047,24,3376.516427
7.180187,23,3377.11215
9.156091,29,3377.838423
9.038432,27,3378.529624
9.546577,29,3379.270599
8.706905,28,3379.984436
8.03115,26,3380.659195
2.588344,25,3381.294111
8.879208,28,3382.017994
9.013168,29,3382.781335
8.979796,27,3383.474055
8.537216,27,3384.166269
9.2175,29,3384.898252
9.43224,29,3385.654785
8.115541,26,3386.344727
5.101537,18,3386.810517
7.572648,24,3387.423035
8.051153,26,3388.09953
3.353485,28,3388.813861
8.423505,27,3389.50692
3.183228,25,3390.153637
3.935086,27,3390.852082
7.638483,24,3391.477152
5.955498,20,3391.987067
8.197616,26,3392.659512
6.857858,22,3393.220205
5.931396,20,3393.733356
7.164101,23,3394.315221
7.037009,23,3394.912194
9.484442,28,3395.628904
7.45603,25,3396.281267
8.276304,27,3396.973228
7.485035,24,3397.592479
8.968522,29,3398.341937
6.911527,23,3398.940195
8.935371,28,3399.629814
8.687043,27,3400.323243
8.380588,28,3401.044989
9.034939,28,3401.756417
7.34074,24,3402.373291
8.950632,28,3403.085425
7.259643,23,3403.664922
8.406102,26,3404.34493
9.294791,30,3405.111862
7.421101,25,3405.759183
7.683037,25,3406.411082
6.697773,21,3406.976604
7.045545,23,3407.578474
9.322575,29,3408.331191
7.592511,24,3408.964502
8.369306,26,3409.668768
8.282189,26,3410.361793
5.892195,20,3410.899349
7.57555,24,3411.530664
6.762152,23,3412.148587
7.20755,24,3412.771441
7.382727,24,3413.412353
7.607197,23,3414.029248
7.802854,25,3414.692795
7.178004,23,3415.295736
8.039068,26,3415.967165
9.649799,30,3416.727963
8.193284,27,3417.415815
6.983591,23,3418.010685
8.728859,26,3418.675514
7.217167,23,3419.253148
8.056234,26,3419.920766
7.10045,22,3420.49473
6.711724,22,3421.059888
8.77404,27,3421.750524
5.995662,21,3422.301551
7.681539,25,3422.948384
8.457569,27,3423.640103
8.257103,27,3424.329901
7.518133,23,3424.923787
7.792477,25,3435.054466
7.41581,23,3435.660187
7.640619,24,3436.281866
8.468123,28,3436.980441
7.067473,23,3437.579359
9.858064,32,3438.402431
8.943851,28,3439.113657
9.212778,32,3439.92406
8.653231,29,3440.68026
7.391105,24,3441.324922
7.348337,24,3441.969199
6.686271,22,3442.543023
7.571552,25,3443.205575
3.224614,27,3443.934657
8.577998,27,3444.630659
7.988806,26,3445.298777
7.130728,23,3445.903575
6.295681,22,3446.465693
7.024627,23,3447.062577
2.99667,26,3447.729761
7.672998,25,3448.361568
8.716958,28,3449.097168
8.143192,26,3449.763946
3.056161,26,3450.419679
9.979068,30,3451.184844
7.921358,25,3451.829639
7.728016,26,3452.483107
8.562402,28,3453.186185
7.865603,25,3453.829655
8.669263,27,3454.519424
6.674173,23,3455.126609
5.615097,19,3455.626694
8.687319,28,3456.330365
6.106436,21,3456.865431
7.500739,25,3457.513842
7.320724,24,3458.121792
5.858578,20,3458.651662
7.370054,24,3459.282041
7.930064,26,3459.95097
6.356652,22,3460.522985
6.202079,21,3461.060262
3.657833,27,3461.755173
7.411248,25,3462.40869
8.819758,28,3463.124474
8.934963,29,3463.875035
8.06912,25,3464.502425
7.082744,23,3465.119851
8.804161,28,3465.8607
7.163175,23,3466.473625
7.535628,25,3467.133912
7.586529,25,3467.794956
7.882562,26,3468.476609
6.967124,23,3469.089623
7.299435,24,3469.729595
7.171139,24,3470.364835
8.435123,27,3471.072057
7.230191,24,3471.712883
3.674248,28,3472.453131
7.489903,25,3473.11676
6.561766,22,3473.697564
7.791609,25,3474.330464
7.542885,26,3475.000376
6.221919,21,3475.554962
7.629672,24,3476.181992
2.988197,26,3476.849321
7.603974,26,3477.521749
8.200313,28,3478.247406
5.780375,20,3478.772488
7.248408,24,3479.391483
8.72357,28,3480.126199
7.893876,26,3480.799939
8.305624,27,3481.505678
6.293971,21,3482.067396
6.803558,22,3482.657104
7.72576,25,3483.307857
4.87901,17,3483.777898
8.214541,26,3484.459673
7.168743,24,3485.094661
7.594388,24,3485.72684
4.414045,30,3486.513105
2.565538,25,3487.178896
7.350099,24,3487.803808
7.539656,24,3497.81788
9.141543,29,3498.58935
2.590754,25,3499.253323
6.202652,21,3499.80902
8.400238,28,3500.525197
8.672486,27,3501.208031
7.300641,23,3501.790612
8.375475,27,3502.496865
7.652241,25,3503.142462
8.404407,27,3503.834436
7.757468,25,3504.465279
7.500635,25,3505.104856
7.479107,23,3505.699071
7.072817,23,3506.282543
8.467636,27,3506.980337
8.823361,28,3507.711417
7.545274,25,3508.378114
6.488069,23,3508.985031
7.541503,26,3509.661999
7.101641,24,3510.29318
6.745504,23,3510.896427
8.619712,28,3511.637655
8.297767,27,3512.352313
6.377678,22,3512.939633
2.915738,25,3513.606818
8.844445,27,3514.317066
6.908833,24,3514.92985
7.219794,24,3515.553919
7.538473,24,3516.179018
7.464952,25,3516.840135
3.116173,27,3517.528392
7.106267,24,3518.147386
3.626359,27,3518.84512
7.953742,26,3519.519397
8.069469,25,3520.150392
3.838001,29,3520.896931
9.892623,32,3521.691568
7.779075,25,3522.323407
7.721252,25,3522.973757
7.941677,26,3523.640358
2.732349,25,3524.285124
2.821749,26,3524.949556
7.148133,24,3525.558115
7.987313,26,3526.212195
6.505805,22,3526.78412
1.018093,20,3527.304841
8.922446,28,3528.039977
9.026457,28,3528.756041
6.921088,23,3529.349186
6.996278,23,3529.944353
7.56408,25,3530.59884
9.51469,31,3531.386987
8.669264,28,3532.103703
6.323481,22,3532.677895
8.945971,28,3533.400731
2.219671,24,3534.025055
7.836106,27,3534.717659
7.178693,23,3535.309934
8.695638,27,3535.991835
8.11282,26,3536.672834
7.608518,26,3537.334673
6.657791,22,3537.907683
7.662702,26,3538.576927
7.417142,25,3539.223638
8.567986,28,3539.946554
5.987001,21,3540.493104
8.996179,29,3541.24907
4.837664,31,3542.038657
7.187117,23,3542.631582
8.269708,27,3543.325785
7.493191,24,3543.948156
9.870184,32,3544.755748
8.379656,26,3545.422452
3.154933,26,3546.079723
8.1346,27,3546.771357
8.089071,26,3547.434597
7.597934,26,3548.10039
8.073049,27,3548.810437
7.830196,26,3549.478438
6.594511,23,3550.058915
3.16679,27,3560.22628
8.058735,26,3560.88856
5.235167,31,3561.695461
6.967606,23,3562.312747
7.747477,25,3562.972853
7.729367,25,3563.623971
8.969607,28,3564.341361
7.758916,25,3565.019337
8.494624,27,3565.705334
7.868339,26,3566.400705
7.985972,26,3567.079541
7.727685,25,3567.730917
9.279528,29,3568.499485
9.17632,29,3569.258031
8.828724,27,3569.979144
3.150253,26,3570.676474
7.136644,24,3571.315895
7.902921,26,3571.998683
6.28529,22,3572.567711
7.560513,25,3573.219512
7.082843,24,3573.842352
8.620849,27,3574.537084
8.38155,27,3575.236024
8.536692,26,3575.914088
7.336688,25,3576.556617
7.946658,26,3577.230481
5.985856,20,3577.743639
7.907068,25,3578.39965
5.971813,20,3578.910781
3.47044,27,3579.605564
7.045939,23,3580.208282
8.812424,29,3580.948769
8.440269,28,3581.680776
6.927798,21,3582.222341
7.28341,25,3582.868501
7.606664,25,3583.512219
8.175925,26,3584.191517
7.157126,24,3584.796524
6.337873,22,3585.333996
7.946657,26,3585.995493
7.937996,24,3586.610966
7.624516,25,3587.258818
7.406472,24,3587.882233
7.252381,25,3588.5307
9.38931,29,3589.281144
6.66571,22,3589.829045
9.741416,30,3590.592844
4.578294,32,3591.423357
7.843076,25,3592.068783
8.183711,26,3592.735408
7.112367,23,3593.32928
9.390957,28,3594.041268
7.756062,24,3594.663087
8.661436,29,3595.397998
8.641905,28,3596.106443
7.309792,24,3596.738978
7.253293,23,3597.335878
7.587896,24,3597.962535
7.608509,25,3598.594634
5.683371,20,3599.109769
7.710889,26,3599.786491
9.418078,31,3600.590862
8.255162,27,3601.297767
8.03318,25,3601.946221
9.247903,29,3602.6808
7.320205,24,3603.307334
5.547974,19,3603.80316
6.637977,22,3604.381974
7.253564,24,3604.973251
6.311812,22,3605.535375
2.796524,25,3606.19097
7.125233,23,3606.799023
9.023477,28,3607.502794
7.96452,25,3608.149286
8.411371,28,3608.871646
8.141132,26,3609.540788
7.596505,25,3610.199741
5.906984,20,3610.712275
7.666921,24,3611.333694
7.660098,25,3612.009999
6.819199,23,3612.598122
6.361576,22,3622.605041
6.959342,23,3623.213545
8.512988,28,3623.936428
7.197737,24,3624.559879
6.792434,22,3625.11803
8.069984,26,3625.79532
10.26101,33,3626.626955
8.129481,27,3627.320784
6.042935,20,3627.846776
7.793128,27,3628.544335
8.343102,27,3629.236783
6.408339,21,3629.761439
8.47198,28,3630.487316
7.381198,25,3631.137596
7.459832,25,3631.779387
7.789698,25,3632.426145
7.679354,26,3633.084983
6.793031,22,3633.657007
8.51948,28,3634.377491
6.89902,23,3634.981437
7.367888,24,3635.608208
8.090076,27,3636.291044
7.203079,25,3636.936085
6.84174,23,3637.533899
6.99042,24,3638.142214
3.35577,28,3638.876504
5.045473,18,3639.355327
7.997829,27,3640.034429
7.212024,24,3640.647485
6.183854,21,3641.200273
6.771455,23,3641.781697
6.815122,23,3642.386596
3.405804,28,3643.114085
7.905072,26,3643.803895
7.790499,26,3644.484884
8.761997,29,3645.243414
6.65758,22,3645.810787
8.134522,27,3646.511864
6.605295,22,3647.061273
7.221076,23,3647.646238
8.420422,28,3648.376154
7.17241,24,3648.983804
6.88268,23,3649.587699
7.922691,25,3650.222329
7.558073,25,3650.86853
7.664351,25,3651.522637
8.782864,28,3652.241594
6.73447,23,3652.857097
6.780442,22,3653.426073
7.957589,25,3654.074541
7.716464,25,3654.718841
6.171726,21,3655.252197
7.538573,24,3655.867782
7.77254,25,3656.505572
7.637291,25,3657.14366
7.472061,25,3657.796159
7.899748,26,3658.479505
6.141445,21,3659.024822
7.888571,25,3659.688065
8.549067,28,3660.423387
8.820545,28,3661.168083
6.611898,22,3661.762139
8.52363,27,3662.458764
6.79004,23,3663.071154
10.031234,33,3663.935914
7.562433,24,3664.579253
7.128908,24,3665.214781
7.30403,23,3665.823812
6.611037,22,3666.380504
8.059731,26,3667.06994
6.253855,21,3667.643759
6.601313,22,3668.230379
9.232494,31,3669.036833
5.579437,33,3669.912075
7.742993,25,3670.573482
10.830767,34,3671.45678
9.112406,29,3672.219439
7.951804,26,3672.902873
7.370938,24,3673.520186
8.267202,26,3674.193339
8.466683,27,3674.893408
8.13296,28,3675.613398
6.530471,22,3685.67275
8.900527,29,3686.411519
8.326357,27,3687.108574
7.862558,27,3687.810262
7.114357,24,3688.433412
8.79086,28,3689.157294
7.073752,23,3689.755035
7.447953,25,3690.399352
7.311502,25,3691.061216
6.506161,22,3691.608964
9.56932,31,3692.398058
3.776518,29,3693.155441
7.85613,26,3693.812485
9.078573,28,3694.516361
8.557135,27,3695.225857
2.882367,25,3695.875723
8.225361,27,3696.553515
2.829886,27,3697.25618
8.23898,28,3697.970497
7.998746,26,3698.6336
5.188047,19,3699.118704
8.360156,29,3699.868351
8.815965,29,3700.621435
5.436924,19,3701.117227
8.300893,27,3701.807512
7.645343,26,3702.477499
8.291599,28,3703.216089
6.957205,24,3703.848355
8.041751,27,3704.565948
7.120229,24,3705.199364
8.405975,26,3705.889014
8.781028,28,3706.615126
8.610983,27,3707.307652
7.282233,24,3707.930878
7.060433,23,3708.512426
8.090387,26,3709.172881
7.428192,24,3709.790783
5.890057,21,3710.326741
9.430872,31,3711.148464
6.556503,22,3711.707108
8.795997,29,3712.455065
6.749547,23,3713.054181
8.294052,27,3713.747058
7.040495,23,3714.345019
7.83768,26,3714.996705
9.019825,29,3715.750989
7.435968,24,3716.361918
5.90331,21,3716.898889
5.906959,20,3717.40213
8.15385,27,3718.102368
6.925713,24,3718.710963
7.104304,24,3719.336405
8.244927,26,3720.0097
7.45266,24,3720.634337
8.637081,30,3721.394196
9.432732,30,3722.162794
7.234044,25,3722.825536
7.9954,26,3723.503836
8.107691,26,3724.178283
6.794008,23,3724.778275
8.317185,27,3725.474803
8.757698,29,3726.245269
9.576196,30,3727.003029
8.870512,30,3727.782152
6.808655,23,3728.386705
6.911236,23,3728.998965
8.800227,29,3729.739979
7.413784,25,3730.377517
7.998394,27,3731.104098
8.838262,28,3731.850574
6.895704,24,3732.472792
8.210404,27,3733.171574
8.542539,28,3733.897068
7.387659,25,3734.552258
3.094028,26,3735.236618
7.960474,26,3735.921
8.545198,27,3736.600404
9.666717,31,3737.396492
8.926331,29,3747.60975
7.892494,28,3748.322778
8.43692,28,3749.062972
6.885589,23,3749.650847
8.686089,29,3750.390342
8.276812,26,3751.061264
8.990648,28,3751.776628
2.864661,26,3752.445798
8.420951,29,3753.187926
7.236751,24,3753.805956
4.853613,17,3754.232548
7.558918,25,3754.883176
7.741347,27,3755.579297
8.314693,27,3756.263048
7.779895,26,3756.92248
8.161691,27,3757.58897
9.999153,32,3758.418234
8.193752,28,3759.141237
7.208559,25,3759.78873
7.190354,23,3760.387975
6.407845,22,3760.96573
11.18828,35,3761.85449
6.925864,23,3762.453054
7.046203,24,3763.075871
7.835245,27,3763.76544
5.686909,20,3764.278716
7.534376,25,3764.912645
7.726165,26,3765.58683
9.003424,29,3766.333705
2.862483,27,3767.047448
7.399126,25,3767.703032
7.50582,24,3768.337895
8.924917,31,3769.154283
7.786479,27,3769.860315
6.855443,23,3770.478657
7.140808,24,3771.115559
7.723604,26,3771.793638
7.401397,25,3772.441053
9.420466,33,3773.313312
7.408503,24,3773.929719
5.750113,21,3774.450194
5.567495,20,3774.982331
7.824483,27,3775.683087
8.717852,29,3776.459352
7.93673,26,3777.144025
8.430161,29,3777.892739
10.780014,39,3778.913965
2.796134,27,3779.608781
6.341576,22,3780.168882
7.216149,25,3780.821424
5.484147,20,3781.32783
6.815914,23,3781.92526
8.794435,29,3782.670129
7.606069,27,3783.368624
9.095462,30,3784.139608
7.271483,25,3784.787326
7.696446,26,3785.456452
8.811864,29,3786.20443
7.00084,24,3786.827817
7.129625,24,3787.442682
7.459986,26,3788.118687
9.016058,30,3788.897079
2.360873,26,3789.564401
6.188875,21,3790.099275
8.225091,27,3790.7933
8.351022,27,3791.487253
3.089107,27,3792.176965
7.244471,25,3792.818638
8.296045,28,3793.536521
6.917545,23,3794.136287
8.850719,30,3794.886671
8.013675,28,3795.624076
8.827991,30,3796.406036
9.284064,30,3797.201976
8.984962,30,3797.983629
7.62103,26,3798.664221
6.951093,24,3799.25833
2.518998,24,3799.869091
7.854909,27,3810.040523
8.117276,28,3810.748061
8.726337,29,3811.506531
7.659788,25,3812.127126
7.462662,25,3812.772937
6.416462,22,3813.333268
4.027463,30,3814.10852
8.831634,28,3814.836127
6.991815,24,3815.454749
7.271363,25,3816.102718
9.241566,32,3816.915404
7.174634,25,3817.5423
9.145193,30,3818.325433
6.723606,23,3818.908793
8.157563,28,3819.644744
7.235798,25,3820.303652
8.860286,29,3821.046419
7.875708,28,3821.791746
8.373463,28,3822.517881
3.746559,28,3823.226101
9.518057,33,3824.110202
7.375291,25,3824.772398
6.099339,21,3825.347053
6.84013,23,3825.943156
7.612245,25,3826.631133
6.805002,23,3827.216568
8.03814,28,3827.950692
7.399692,24,3828.569459
4.469491,30,3829.336055
8.0287,27,3830.041132
8.292855,27,3830.723593
7.332737,25,3831.360216
7.594921,25,3831.992987
7.287637,42,3833.055492
9.151307,31,3833.845751
6.26352,21,3834.398424
8.854293,30,3835.169068
9.926974,34,3836.049225
7.772964,26,3836.706853
8.663547,29,3837.453461
7.458955,25,3838.073592
7.877729,27,3838.762767
9.050482,30,3839.553436
6.773868,23,3840.119916
8.040772,27,3840.8161
8.528512,28,3841.523094
8.653851,28,3842.236442
7.417706,26,3842.909564
3.32785,27,3843.608081
8.042854,27,3844.277808
8.312287,27,3844.971637
7.410549,26,3845.655554
8.707807,29,3846.405147
8.466889,28,3847.119771
7.627011,26,3847.791372
7.618875,25,3848.437495
8.636533,28,3849.162075
8.525745,30,3849.912667
8.308301,27,3850.605134
8.19138,28,3851.337446
8.804531,29,3852.089262
2.673169,26,3852.780787
7.968092,27,3853.489533
8.820924,31,3854.291883
6.87144,24,3854.927872
6.82673,23,3855.542461
8.832709,30,3856.323905
7.545068,26,3857.012995
6.406999,22,3857.599222
7.71214,26,3858.265339
7.983662,26,3858.931075
6.759526,24,3859.541982
3.392516,26,3860.216401
7.101556,25,3860.864716
4.808065,33,3861.714132
8.638241,32,3862.526265
